29	4573	1
29	37973	1
36	164	1
36	167	1
36	296	1
36	1507	1
36	2465	1
36	3939	1
36	5067	1
36	5444	1
36	6104	1
36	6566	1
36	453869	1
36	422664	1
36	422746	1
36	371638	1
36	369090	1
36	369527	1
36	93589	1
36	56373	1
36	56763	1
36	2324	1
36	19795	1
36	7794	1
66	553	1
66	616	1
66	1507	1
66	1780	1
66	1965	1
66	3676	1
66	3939	1
66	4337	1
66	4573	1
66	6104	1
66	6454	1
66	6566	1
66	10957	1
66	33184	1
66	45588	1
66	56368	1
66	56490	1
66	56768	1
66	69483	1
66	368511	1
66	369090	1
66	422686	1
66	366801	1
66	367555	1
66	368857	1
66	1494	1
66	56494	1
66	215	1
66	1779	1
66	7794	1
85	3599	1
89	1836	1
91	164	1
91	733	1
91	4605	1
91	147423	1
91	119631	1
91	367317	1
91	367527	1
91	371650	1
91	576	1
91	4347	1
92	296	1
92	1623	1
92	2101	1
92	7335	1
93	580	1
131	2537	1
131	3641	1
131	6172	1
131	6520	1
131	14057	1
131	17429	1
131	23936	1
131	26880	1
131	37330	1
131	378377	1
131	369527	1
131	2324	1
136	368511	1
136	378730	1
136	369527	1
136	368857	1
136	374552	1
136	1494	1
136	11269	1
136	2324	1
136	1779	1
136	7203	1
136	37413	1
140	664	1
140	4586	1
140	5428	1
140	11188	1
140	43576	1
140	371509	1
140	4207	1
140	7794	1
141	11188	1
141	43576	1
145	366584	1
145	368511	1
145	366801	1
145	20861	1
145	46	1
145	1494	1
145	215	1
157	4289	1
165	523	1
165	552	1
165	36541	1
165	367345	1
165	395255	1
165	599	1
166	5972	1
166	8096	1
166	56342	1
166	422656	1
166	367555	1
166	367527	1
166	367550	1
167	4289	1
179	1623	1
186	4289	1
187	117	1
187	32997	1
187	366787	1
187	203669	1
191	196	1
191	3676	1
191	3988	1
191	5551	1
191	14134	1
191	16331	1
191	41260	1
191	56074	1
191	56326	1
191	56342	1
191	56490	1
191	56495	1
191	56515	1
191	56722	1
191	56752	1
191	418429	1
191	367345	1
191	3913	1
191	422656	1
191	422686	1
191	439984	1
191	371198	1
191	638866	1
191	366771	1
191	52314	1
191	599	1
191	56494	1
191	3881	1
191	195	1
191	7794	1
197	1902	1
197	3685	1
197	19773	1
197	56490	1
197	369005	1
197	638866	1
197	387245	1
197	1901	1
211	691	1
213	216	1
213	6194	1
213	56490	1
213	422686	1
213	638866	1
213	366800	1
213	56494	1
213	7794	1
221	713	1
221	190531	1
221	366584	1
221	46	1
222	9693	1
224	117	1
224	553	1
224	19046	1
224	56515	1
224	56683	1
224	56752	1
224	125775	1
225	616	1
225	3590	1
225	5115	1
225	9153	1
225	33766	1
225	37867	1
225	50695	1
226	117	1
226	553	1
226	19046	1
226	32997	1
226	56326	1
226	56375	1
226	56515	1
226	56683	1
226	56752	1
226	125775	1
226	422686	1
226	56494	1
226	7794	1
227	56763	1
229	29025	1
230	3575	1
230	5655	1
231	553	1
239	4289	1
242	242	1
242	14132	1
242	28799	1
242	37950	1
242	366584	1
242	69370	1
242	369005	1
242	65502	1
242	422664	1
242	46	1
242	1901	1
242	56373	1
242	7794	1
245	4289	1
246	5956	1
247	32947	1
247	373656	1
247	373519	1
247	366800	1
247	6330	1
247	6194	1
254	164	1
254	210	1
254	36544	1
254	56495	1
258	4586	1
259	553	1
262	373782	1
262	374552	1
262	6454	1
262	7203	1
264	466	1
264	1394	1
264	1586	1
264	2968	1
264	2969	1
264	3077	1
264	3361	1
264	3750	1
264	3781	1
264	5115	1
264	5965	1
264	6120	1
264	6637	1
264	16354	1
264	19472	1
264	21748	1
264	23588	1
264	37867	1
264	43842	1
264	368391	1
264	367180	1
264	370447	1
264	366787	1
264	1393	1
264	3360	1
269	56515	1
272	117	1
272	166	1
272	625	1
272	5551	1
272	6490	1
272	14132	1
272	16737	1
272	32997	1
272	37433	1
272	37434	1
272	39458	1
272	65753	1
272	100523	1
272	152872	1
272	368857	1
272	3582	1
272	367555	1
272	1779	1
283	577	1
283	616	1
283	1965	1
283	2325	1
283	3155	1
283	3939	1
283	8575	1
283	38125	1
283	45588	1
283	57081	1
283	69483	1
286	16675	1
286	373519	1
286	6194	1
290	1300	1
290	7971	1
290	367345	1
290	371032	1
290	599	1
290	3692	1
291	22524	1
291	30616	1
291	366787	1
291	3699	1
291	7794	1
310	180	1
310	577	1
310	597	1
310	1507	1
310	3634	1
310	4573	1
310	5052	1
310	5113	1
310	5444	1
310	6007	1
310	6008	1
310	6104	1
310	6268	1
310	6490	1
310	6566	1
310	14132	1
310	15035	1
310	56375	1
310	56688	1
310	69483	1
310	368375	1
310	369090	1
310	369081	1
310	366801	1
310	368857	1
310	3582	1
310	373782	1
310	367345	1
310	38810	1
310	1379	1
310	215	1
310	1779	1
310	6454	1
310	599	1
314	385614	1
314	366855	1
316	247	1
316	5083	1
316	366727	1
316	368997	1
316	369527	1
316	367258	1
316	1895	1
316	2324	1
316	530	1
317	370440	1
317	69370	1
317	366690	1
317	3071	1
317	7794	1
328	80	1
328	117	1
328	224	1
328	487	1
328	726	1
328	2287	1
328	3615	1
328	3767	1
328	4286	1
328	13267	1
328	16705	1
328	32997	1
328	33766	1
328	58743	1
328	61545	1
328	69370	1
328	366690	1
328	366627	1
328	367258	1
328	369005	1
328	367527	1
328	368857	1
328	3582	1
328	79	1
328	530	1
328	1901	1
328	1779	1
330	3559	1
330	367345	1
330	3558	1
330	599	1
335	80	1
335	208	1
335	450	1
335	471	1
335	3561	1
335	3562	1
335	3635	1
335	3676	1
335	3678	1
335	3750	1
335	3757	1
335	3758	1
335	3774	1
335	4106	1
335	5657	1
335	16675	1
335	26861	1
335	366584	1
335	366690	1
335	368511	1
335	366627	1
335	366787	1
335	367258	1
335	366585	1
335	369239	1
335	366771	1
335	46	1
335	1494	1
335	79	1
335	530	1
335	47	1
335	2091	1
335	195	1
336	471	1
336	3001	1
336	3570	1
343	30878	1
343	56774	1
343	56778	1
343	64745	1
343	366584	1
343	422755	1
343	369527	1
343	373043	1
343	371032	1
343	366800	1
343	46	1
343	56773	1
343	2324	1
343	3692	1
343	7794	1
357	4289	1
378	16577	1
378	16675	1
378	62314	1
392	1507	1
392	369081	1
408	3615	1
408	3700	1
408	6008	1
408	15035	1
408	56326	1
408	56375	1
408	56490	1
408	56494	1
408	56495	1
408	62731	1
408	368511	1
408	422686	1
408	366801	1
408	3699	1
408	1494	1
408	215	1
408	7794	1
420	6455	1
420	15119	1
420	16350	1
420	43628	1
420	43627	1
420	424002	1
420	371638	1
424	31448	1
424	37455	1
424	43625	1
424	50329	1
438	16716	1
445	11696	1
445	20862	1
445	56719	1
446	4289	1
457	36541	1
457	39142	1
457	56382	1
460	36541	1
463	16577	1
463	62314	1
479	56326	1
479	56374	1
479	56375	1
479	422746	1
479	368511	1
479	422664	1
479	366800	1
479	56763	1
479	1494	1
479	56373	1
479	7794	1
491	56491	1
504	1310	1
504	2537	1
504	3678	1
504	5460	1
504	5551	1
504	5558	1
504	6520	1
504	23158	1
504	368998	1
504	378730	1
504	369527	1
504	385614	1
504	493753	1
504	367527	1
504	368857	1
504	11269	1
504	2324	1
504	135396	1
504	1779	1
505	1507	1
505	6194	1
505	22520	1
505	390031	1
507	4289	1
515	4573	1
515	8575	1
515	37090	1
515	56816	1
515	370406	1
515	368511	1
515	367318	1
515	373319	1
515	369005	1
515	366800	1
515	371650	1
515	373782	1
515	374552	1
515	378730	1
515	3041	1
515	1494	1
515	577	1
515	6002	1
515	1901	1
515	4347	1
515	6454	1
515	7203	1
515	11269	1
516	8575	1
517	8575	1
519	56490	1
554	2454	1
554	3700	1
554	6268	1
554	56490	1
554	56825	1
575	3767	1
575	33766	1
577	369081	1
577	366867	1
577	395255	1
577	366740	1
577	368638	1
577	371032	1
577	1591	1
577	3692	1
583	734	1
583	6455	1
583	56490	1
583	56697	1
586	5113	1
586	6455	1
586	11220	1
586	36762	1
586	368511	1
586	373319	1
586	369005	1
586	56429	1
586	373782	1
586	366584	1
586	367258	1
586	380818	1
586	3913	1
586	1494	1
586	6002	1
586	1901	1
586	6454	1
586	46	1
586	530	1
586	13362	1
590	3615	1
590	3767	1
590	4186	1
590	4496	1
590	371509	1
590	4207	1
592	3685	1
592	19773	1
594	16675	1
594	368511	1
594	1494	1
598	37973	1
598	43726	1
600	1623	1
600	366584	1
600	366771	1
600	46	1
600	195	1
600	7794	1
603	1331	1
603	6164	1
610	33487	1
620	5083	1
620	37463	1
620	56326	1
620	56374	1
620	56722	1
620	56763	1
620	36762	1
620	422746	1
620	367490	1
620	369527	1
620	422664	1
620	2324	1
620	56373	1
620	7794	1
639	487	1
639	580	1
639	734	1
639	1258	1
639	1496	1
639	3250	1
639	4242	1
639	4735	1
639	5551	1
639	8104	1
639	8599	1
639	14038	1
639	16331	1
639	37417	1
639	43625	1
639	56379	1
639	56494	1
639	56611	1
645	247	1
645	296	1
645	577	1
645	616	1
645	625	1
645	628	1
645	1965	1
645	2325	1
645	3155	1
645	3939	1
645	4235	1
645	4337	1
645	5063	1
645	5083	1
645	6268	1
645	6520	1
645	7203	1
645	7204	1
645	7270	1
645	37090	1
645	43578	1
645	46636	1
645	56326	1
645	56490	1
645	56494	1
645	56495	1
645	56515	1
645	56549	1
645	57081	1
645	69483	1
645	369081	1
645	369527	1
645	367317	1
645	366801	1
645	422771	1
645	422686	1
645	384083	1
645	638866	1
645	367527	1
645	371032	1
645	368857	1
645	374552	1
645	367555	1
645	57212	1
645	2324	1
645	576	1
645	215	1
645	56825	1
645	19795	1
645	16667	1
645	3692	1
645	1779	1
645	7794	1
652	6040	1
652	70483	1
652	147423	1
657	80	1
657	719	1
657	3103	1
657	3490	1
657	3590	1
657	6040	1
657	16705	1
657	30136	1
657	57900	1
657	70483	1
657	125775	1
657	147423	1
658	6310	1
658	37834	1
658	366584	1
658	46	1
713	13809	1
713	371032	1
713	3692	1
774	13992	1
774	56725	1
774	368511	1
774	422755	1
774	366800	1
774	3582	1
774	1494	1
774	56773	1
777	56725	1
777	366787	1
777	516862	1
777	386936	1
777	161134	1
777	19457	1
777	7794	1
782	167	1
782	597	1
782	616	1
782	2325	1
782	3939	1
782	4235	1
782	4573	1
782	5078	1
782	5088	1
782	5817	1
782	6254	1
782	15033	1
782	43578	1
782	43625	1
782	369527	1
782	367318	1
782	367527	1
782	366800	1
782	2324	1
782	577	1
784	2096	1
784	5972	1
784	37455	1
784	277826	1
785	33589	1
801	128	1
807	117	1
807	5551	1
807	6490	1
807	32997	1
807	369081	1
807	369527	1
807	371032	1
807	3582	1
807	373782	1
807	378730	1
807	119631	1
807	2324	1
807	3692	1
807	6454	1
807	11269	1
813	16331	1
821	4289	1
821	56368	1
829	2325	1
829	56549	1
829	57081	1
829	371032	1
829	373782	1
829	374552	1
829	3692	1
829	6454	1
829	7203	1
848	580	1
854	3685	1
855	5083	1
855	69370	1
855	368511	1
855	367170	1
855	366800	1
855	3582	1
855	197333	1
855	1494	1
868	1394	1
873	6454	1
873	422686	1
873	367258	1
873	367527	1
873	56494	1
873	530	1
873	7794	1
874	11696	1
874	20862	1
875	117	1
875	32997	1
876	46636	1
876	56689	1
877	22601	1
877	22673	1
877	50695	1
877	422771	1
877	376952	1
877	422763	1
877	389358	1
877	56825	1
877	9520	1
877	56781	1
877	7794	1
877	21857	1
878	37999	1
878	53165	1
881	3155	1
881	3590	1
882	138	1
882	20862	1
885	726	1
885	22205	1
885	33487	1
887	6194	1
887	56748	1
888	9318	1
888	16675	1
888	32997	1
888	56778	1
888	57283	1
888	58859	1
888	368511	1
888	369081	1
888	1494	1
888	58655	1
891	179	1
891	208	1
891	577	1
891	597	1
891	616	1
891	627	1
891	705	1
891	715	1
891	716	1
891	733	1
891	1507	1
891	1574	1
891	1780	1
891	3597	1
891	3693	1
891	3939	1
891	4235	1
891	4337	1
891	4573	1
891	5044	1
891	5083	1
891	6566	1
891	7203	1
891	7204	1
891	7754	1
891	7891	1
891	38043	1
891	38125	1
891	38289	1
891	56368	1
891	57396	1
891	69483	1
891	69370	1
891	366690	1
891	368511	1
891	367527	1
891	371032	1
891	3582	1
891	374552	1
891	1494	1
891	3692	1
892	228	1
892	353	1
892	625	1
892	628	1
892	1697	1
892	3583	1
892	16675	1
892	19046	1
897	3561	1
897	3570	1
897	3635	1
897	3659	1
897	3757	1
897	36734	1
897	422692	1
897	422758	1
897	56578	1
897	56776	1
897	7794	1
908	152230	1
908	422686	1
908	367527	1
908	56494	1
908	7794	1
929	9693	1
929	15042	1
929	37308	1
929	56678	1
944	616	1
944	3675	1
945	3583	1
945	6520	1
945	7552	1
945	15119	1
945	16350	1
945	16675	1
945	56326	1
945	58752	1
953	14018	1
954	6782	1
954	14018	1
954	378730	1
954	381456	1
954	11269	1
965	117	1
965	118	1
965	194	1
965	432	1
965	604	1
965	694	1
965	7971	1
992	117	1
1016	56722	1
1021	169	1
1021	147625	1
1031	577	1
1031	6016	1
1031	69483	1
1039	366801	1
1039	367527	1
1039	215	1
1040	56490	1
1041	1310	1
1041	741	1
1076	242	1
1076	1902	1
1076	3101	1
1076	3103	1
1076	3587	1
1076	5323	1
1076	5986	1
1076	6003	1
1076	16331	1
1076	56839	1
1076	373319	1
1076	369005	1
1076	6002	1
1076	1901	1
1077	8104	1
1077	16348	1
1077	190531	1
1080	1902	1
1080	32997	1
1080	33589	1
1092	164	1
1092	166	1
1092	4982	1
1092	21052	1
1099	190531	1
1105	19780	1
1105	33589	1
1107	117	1
1107	3583	1
1107	3767	1
1107	12620	1
1107	13267	1
1107	16705	1
1107	32997	1
1107	33766	1
1107	58743	1
1107	61545	1
1107	423203	1
1107	367527	1
1107	57843	1
1110	672	1
1110	698	1
1110	3649	1
1110	4992	1
1110	6782	1
1110	7115	1
1110	7201	1
1110	8468	1
1110	8547	1
1110	8548	1
1110	14018	1
1110	43578	1
1110	43625	1
1110	62120	1
1110	371032	1
1110	381456	1
1110	3692	1
1123	1902	1
1123	32997	1
1123	33589	1
1123	366584	1
1123	369005	1
1123	46	1
1123	1901	1
1170	196	1
1170	705	1
1170	1394	1
1170	2537	1
1170	2968	1
1170	2969	1
1170	3988	1
1170	5551	1
1170	6520	1
1170	13982	1
1170	16744	1
1170	41260	1
1170	56490	1
1170	56495	1
1170	56781	1
1170	366795	1
1170	368391	1
1170	422686	1
1170	638866	1
1170	366800	1
1170	3582	1
1170	366771	1
1176	37973	1
1176	56611	1
1176	367318	1
1176	380818	1
1176	577	1
1176	13362	1
1180	21858	1
1180	56557	1
1180	56669	1
1180	56782	1
1180	422763	1
1180	422694	1
1180	421959	1
1180	389358	1
1180	56781	1
1180	56668	1
1180	55665	1
1180	21857	1
1197	3071	1
1197	4337	1
1197	6194	1
1198	13992	1
1198	16675	1
1198	22247	1
1198	29260	1
1198	38182	1
1198	44938	1
1198	56495	1
1198	366584	1
1198	368511	1
1198	385614	1
1198	36642	1
1198	373782	1
1198	46	1
1198	1494	1
1198	6454	1
1201	3071	1
1201	4337	1
1215	128	1
1215	179	1
1215	182	1
1215	208	1
1215	228	1
1215	296	1
1215	426	1
1215	577	1
1215	616	1
1215	625	1
1215	628	1
1215	639	1
1215	705	1
1215	726	1
1215	733	1
1215	1331	1
1215	1574	1
1215	1697	1
1215	1752	1
1215	2537	1
1215	3615	1
1215	4106	1
1215	4405	1
1215	4586	1
1215	5044	1
1215	5078	1
1215	5084	1
1215	5092	1
1215	5460	1
1215	6104	1
1215	6268	1
1215	7203	1
1215	7204	1
1215	11220	1
1215	15035	1
1215	38043	1
1215	45588	1
1215	56375	1
1215	56490	1
1215	69483	1
1215	366690	1
1215	371638	1
1215	367527	1
1215	416863	1
1216	208	1
1216	247	1
1216	450	1
1216	581	1
1216	597	1
1216	616	1
1216	625	1
1216	659	1
1216	1331	1
1216	2537	1
1216	3155	1
1216	3613	1
1216	3676	1
1216	3678	1
1216	5083	1
1216	5113	1
1216	5262	1
1216	5460	1
1216	7216	1
1216	7754	1
1216	8275	1
1216	9099	1
1216	19237	1
1216	19786	1
1216	36761	1
1216	36762	1
1216	56490	1
1216	57219	1
1216	57396	1
1216	58242	1
1216	58709	1
1216	369527	1
1216	422773	1
1216	366787	1
1216	638866	1
1216	2324	1
1216	56827	1
1217	242	1
1217	5551	1
1217	56841	1
1220	655	1
1220	7335	1
1220	36513	1
1220	37244	1
1226	38182	1
1238	43625	1
1239	5710	1
1239	21254	1
1239	369081	1
1239	369527	1
1239	367527	1
1239	2324	1
1243	196	1
1243	30878	1
1243	366584	1
1243	368511	1
1243	422656	1
1243	366800	1
1243	422755	1
1243	7794	1
1243	46	1
1243	1494	1
1243	56773	1
1244	3590	1
1246	10042	1
1247	6174	1
1247	58660	1
1248	216	1
1248	37206	1
1248	56494	1
1248	366584	1
1248	422692	1
1248	368857	1
1248	422664	1
1248	46	1
1248	56578	1
1248	1779	1
1248	56373	1
1248	7794	1
1250	577	1
1250	1623	1
1250	2096	1
1250	3939	1
1250	4573	1
1250	6566	1
1250	7203	1
1250	43578	1
1250	56749	1
1250	69483	1
1250	371638	1
1251	6194	1
1251	368997	1
1251	376952	1
1251	1895	1
1251	9520	1
1253	169	1
1253	366740	1
1253	367258	1
1253	369005	1
1253	530	1
1253	1901	1
1255	80	1
1255	19458	1
1255	56821	1
1258	242	1
1258	553	1
1258	16716	1
1258	56326	1
1258	56375	1
1258	56494	1
1258	56515	1
1258	56688	1
1258	367258	1
1258	530	1
1258	7794	1
1264	3590	1
1271	56748	1
1275	196	1
1275	21813	1
1275	22884	1
1275	23158	1
1275	7794	1
1286	190531	1
1296	27866	1
1301	3107	1
1301	11354	1
1309	56375	1
1309	368511	1
1309	1494	1
1313	164	1
1313	733	1
1313	1965	1
1313	2465	1
1313	4337	1
1313	5409	1
1313	6194	1
1313	16737	1
1313	37431	1
1313	37434	1
1313	45588	1
1313	56515	1
1313	152872	1
1313	543903	1
1313	371638	1
1313	369090	1
1313	369081	1
1313	367317	1
1313	367555	1
1313	367527	1
1313	368857	1
1313	190601	1
1313	576	1
1313	1779	1
1313	7794	1
1315	1965	1
1315	45588	1
1315	56515	1
1317	1965	1
1319	1965	1
1320	1965	1
1338	128	1
1338	479	1
1338	705	1
1338	726	1
1338	3608	1
1338	3615	1
1338	3732	1
1338	3766	1
1338	4106	1
1338	5115	1
1338	6520	1
1338	37867	1
1338	367345	1
1338	366727	1
1338	366690	1
1338	368038	1
1338	366855	1
1338	90476	1
1338	599	1
1360	128	1
1360	580	1
1360	3750	1
1360	8104	1
1360	371032	1
1360	3692	1
1361	128	1
1361	580	1
1361	3750	1
1361	8104	1
1362	728	1
1362	5826	1
1362	367258	1
1362	530	1
1366	3583	1
1366	56368	1
1366	190531	1
1368	1623	1
1368	4573	1
1368	5078	1
1368	8298	1
1368	11220	1
1368	11573	1
1368	37090	1
1379	8104	1
1379	16348	1
1379	190531	1
1381	43625	1
1383	2537	1
1383	3071	1
1383	4337	1
1383	6194	1
1383	6454	1
1383	6566	1
1383	63651	1
1383	366584	1
1383	369090	1
1383	369081	1
1383	46	1
1383	7794	1
1387	8104	1
1387	21858	1
1387	43634	1
1387	56557	1
1387	56782	1
1393	1965	1
1393	3071	1
1393	4337	1
1399	233	1
1399	247	1
1399	1507	1
1399	1697	1
1399	2101	1
1399	2454	1
1399	3700	1
1399	4235	1
1399	4573	1
1399	5052	1
1399	5063	1
1399	6016	1
1399	6268	1
1399	7201	1
1399	15034	1
1399	15035	1
1399	56375	1
1399	56688	1
1399	69483	1
1399	371032	1
1399	374552	1
1399	3699	1
1399	3692	1
1399	7203	1
1400	117	1
1412	616	1
1412	56326	1
1412	56366	1
1412	56433	1
1414	6902	1
1414	9807	1
1414	21802	1
1414	37393	1
1414	37477	1
1414	42578	1
1414	56515	1
1414	56557	1
1414	56688	1
1414	366584	1
1414	368511	1
1414	422686	1
1414	421959	1
1414	366800	1
1414	366771	1
1414	367258	1
1414	3466	1
1414	46	1
1414	1494	1
1414	56494	1
1414	55665	1
1414	195	1
1414	147407	1
1414	7794	1
1414	530	1
1415	56326	1
1415	366584	1
1415	422686	1
1415	373043	1
1415	371032	1
1415	46	1
1415	56494	1
1415	3692	1
1415	7794	1
1453	33589	1
1561	32997	1
1561	33766	1
1561	50730	1
1561	56365	1
1561	56490	1
1561	638866	1
1561	369081	1
1561	366801	1
1561	380818	1
1561	422758	1
1561	7794	1
1561	215	1
1561	13362	1
1561	56776	1
1569	3572	1
1569	3750	1
1569	3774	1
1585	45904	1
1585	66724	1
1585	69483	1
1586	7891	1
1586	58973	1
1586	66724	1
1586	69483	1
1588	169	1
1588	208	1
1589	196	1
1589	242	1
1589	56680	1
1589	56732	1
1589	56768	1
1589	56841	1
1589	7794	1
1610	80	1
1610	471	1
1616	33589	1
1616	56636	1
1616	366584	1
1616	368511	1
1616	367258	1
1616	46	1
1616	1494	1
1616	530	1
1616	7794	1
1625	1965	1
1625	4337	1
1627	3101	1
1627	5986	1
1627	6003	1
1627	56515	1
1627	56839	1
1627	369081	1
1627	367258	1
1627	369005	1
1627	366800	1
1627	530	1
1627	1901	1
1628	233	1
1628	291	1
1628	577	1
1628	597	1
1628	1396	1
1628	3583	1
1628	3634	1
1628	3693	1
1628	3700	1
1628	4992	1
1628	5970	1
1628	6008	1
1628	6553	1
1628	7204	1
1628	16675	1
1628	56613	1
1628	397110	1
1628	382443	1
1628	69370	1
1628	371032	1
1628	369527	1
1628	366801	1
1628	368857	1
1628	367317	1
1628	367555	1
1628	29271	1
1628	15033	1
1628	3699	1
1628	3692	1
1628	2324	1
1628	215	1
1628	1779	1
1628	576	1
1631	5956	1
1631	10103	1
1632	1394	1
1632	9112	1
1632	16355	1
1632	16577	1
1632	69483	1
1632	371509	1
1632	4207	1
1682	616	1
1682	693	1
1682	3155	1
1682	38125	1
1685	20862	1
1685	20861	1
1688	16577	1
1689	21858	1
1689	56782	1
1689	56826	1
1696	6194	1
1701	2273	1
1708	4289	1
1712	4289	1
1717	126	1
1717	616	1
1717	664	1
1717	3476	1
1717	3583	1
1717	3735	1
1717	6455	1
1717	36761	1
1717	56379	1
1719	33589	1
1719	56636	1
1719	422686	1
1719	368857	1
1719	56494	1
1719	1779	1
1719	7794	1
1724	14827	1
1724	15100	1
1724	15537	1
1725	616	1
1725	3155	1
1725	38125	1
1725	366584	1
1725	422686	1
1725	46	1
1725	56494	1
1725	7794	1
1732	33589	1
1739	1634	1
1739	6254	1
1739	56731	1
1739	366584	1
1739	367345	1
1739	369527	1
1739	367555	1
1739	380818	1
1739	46	1
1739	599	1
1739	2324	1
1739	13362	1
1744	6902	1
1745	10042	1
1754	128	1
1754	208	1
1754	5115	1
1754	37867	1
1754	367067	1
1754	369527	1
1754	2324	1
1755	128	1
1759	56841	1
1759	422686	1
1759	366801	1
1759	440549	1
1759	371032	1
1759	56494	1
1759	215	1
1759	79959	1
1759	3692	1
1759	7794	1
1762	22520	1
1763	33589	1
1763	56636	1
1763	367258	1
1763	422686	1
1763	378730	1
1763	530	1
1763	56494	1
1763	11269	1
1770	128	1
1770	210	1
1770	3476	1
1770	3583	1
1775	138	1
1781	257	1
1781	726	1
1781	2434	1
1781	2803	1
1781	3480	1
1781	22205	1
1781	33487	1
1781	368997	1
1781	1895	1
1784	548	1
1784	728	1
1784	5957	1
1784	8103	1
1784	16345	1
1784	22175	1
1784	22198	1
1784	38182	1
1784	43650	1
1784	56342	1
1784	56494	1
1784	56495	1
1784	56688	1
1784	57396	1
1784	58756	1
1784	366584	1
1784	378730	1
1784	422656	1
1784	422686	1
1784	367318	1
1784	399747	1
1784	8809	1
1784	434866	1
1784	137604	1
1784	8102	1
1784	470654	1
1784	368857	1
1784	46	1
1784	11269	1
1784	577	1
1784	31937	1
1784	74101	1
1784	111074	1
1784	1779	1
1784	7794	1
1785	5957	1
1785	8103	1
1785	56342	1
1785	56495	1
1786	210	1
1786	330	1
1786	369	1
1786	376	1
1786	5957	1
1786	8103	1
1786	56342	1
1786	56495	1
1788	80	1
1788	2537	1
1788	3678	1
1788	3732	1
1788	5460	1
1788	6172	1
1788	6520	1
1788	13267	1
1788	16675	1
1788	16744	1
1788	19458	1
1788	21802	1
1788	30136	1
1788	36541	1
1788	36762	1
1788	56490	1
1788	56821	1
1788	58625	1
1793	489	1
1793	616	1
1793	2325	1
1793	3575	1
1793	5109	1
1793	6172	1
1793	6454	1
1793	38125	1
1793	56368	1
1793	56549	1
1793	57081	1
1795	616	1
1795	2325	1
1795	56549	1
1795	57081	1
1799	616	1
1799	38043	1
1801	4289	1
1802	36541	1
1806	601	1
1806	1623	1
1806	4933	1
1806	6268	1
1806	6455	1
1806	36544	1
1806	38810	1
1814	80	1
1814	664	1
1814	30136	1
1814	37757	1
1814	43795	1
1814	56490	1
1821	6553	1
1826	616	1
1826	2537	1
1826	6553	1
1855	242	1
1855	33589	1
1855	56841	1
1855	190531	1
1857	1623	1
1857	1965	1
1857	4337	1
1857	34776	1
1857	56326	1
1857	56515	1
1857	56733	1
1857	56752	1
1857	56759	1
1857	366584	1
1857	371509	1
1857	423769	1
1857	369081	1
1857	422709	1
1857	422716	1
1857	369005	1
1857	367527	1
1857	368857	1
1857	380818	1
1857	46	1
1857	4207	1
1857	56725	1
1857	56732	1
1857	1901	1
1857	1779	1
1857	13362	1
1857	7794	1
1866	50730	1
1879	138	1
1879	5231	1
1879	6172	1
1879	16675	1
1879	21858	1
1879	56342	1
1879	56557	1
1879	56669	1
1879	56781	1
1879	56782	1
1879	56826	1
1879	422656	1
1879	422763	1
1879	421959	1
1879	422771	1
1879	389358	1
1879	55665	1
1879	56825	1
1879	21857	1
1881	21858	1
1881	33589	1
1881	56782	1
1881	367490	1
1881	369081	1
1881	422773	1
1881	422763	1
1881	422656	1
1881	422686	1
1881	421959	1
1881	366800	1
1881	422694	1
1881	367527	1
1881	371032	1
1881	3582	1
1881	372305	1
1881	389358	1
1881	422771	1
1881	56481	1
1881	56827	1
1881	56781	1
1881	56494	1
1881	55665	1
1881	7794	1
1881	56668	1
1881	3692	1
1881	4983	1
1881	21857	1
1881	56825	1
1882	56	1
1882	460	1
1882	23806	1
1890	5956	1
1890	10103	1
1901	1394	1
1901	369527	1
1901	371650	1
1901	373782	1
1901	374552	1
1901	2324	1
1901	4347	1
1901	6454	1
1901	7203	1
1906	47	1
1906	1496	1
1906	50730	1
1906	69370	1
1906	369527	1
1906	422656	1
1906	368038	1
1906	368857	1
1906	2324	1
1906	1779	1
1906	7794	1
1908	1396	1
1908	36544	1
1908	56515	1
1916	169	1
1920	80	1
1920	169	1
1920	450	1
1920	581	1
1920	701	1
1920	705	1
1920	3071	1
1920	3590	1
1920	3767	1
1920	3988	1
1920	5826	1
1920	13303	1
1920	14138	1
1920	27866	1
1920	30136	1
1920	30230	1
1920	33521	1
1920	33766	1
1920	37836	1
1920	41260	1
1920	56375	1
1920	56382	1
1920	56490	1
1920	58625	1
1920	58709	1
1920	369527	1
1920	366627	1
1920	366740	1
1920	422686	1
1920	369351	1
1920	638866	1
1920	368857	1
1920	373782	1
1920	374552	1
1920	2324	1
1920	79	1
1920	56494	1
1920	2177	1
1920	1779	1
1920	6454	1
1920	7203	1
1920	7794	1
1923	3588	1
1929	186	1
1929	3578	1
1929	3686	1
1929	9693	1
1929	16359	1
1929	29814	1
1929	31448	1
1929	56678	1
1929	56680	1
1929	422686	1
1929	368857	1
1929	279398	1
1929	51229	1
1929	368745	1
1929	422664	1
1929	56494	1
1929	1779	1
1929	7794	1
1929	56373	1
1933	50730	1
1943	367345	1
1943	422750	1
1943	368857	1
1943	599	1
1943	56767	1
1943	1779	1
1943	7794	1
1947	6254	1
1947	30136	1
1947	36544	1
1947	37395	1
1947	56490	1
1947	366584	1
1947	367318	1
1947	638866	1
1947	366800	1
1947	46	1
1947	577	1
1952	128	1
1952	3735	1
1952	190531	1
1953	3590	1
1953	56657	1
1953	20861	1
1957	80	1
1957	577	1
1957	2537	1
1957	4068	1
1957	5083	1
1957	5460	1
1957	6455	1
1957	6520	1
1957	7204	1
1957	11277	1
1957	30136	1
1957	56490	1
1957	56657	1
1957	422758	1
1957	369527	1
1957	385614	1
1957	367258	1
1957	367527	1
1957	366585	1
1957	56776	1
1957	2324	1
1957	530	1
1957	47	1
1959	80	1
1959	577	1
1959	5083	1
1959	6455	1
1959	11277	1
1960	80	1
1960	577	1
1960	5083	1
1960	6455	1
1960	11277	1
1980	117	1
1980	1314	1
1980	6194	1
1980	9254	1
1980	32997	1
1980	56490	1
1989	5297	1
1989	37395	1
1989	514192	1
1989	158036	1
1996	3685	1
1996	19773	1
1999	1965	1
1999	4235	1
1999	43625	1
1999	45588	1
2003	138	1
2003	1314	1
2007	164	1
2007	649	1
2007	1965	1
2007	4337	1
2007	5428	1
2007	11188	1
2007	37836	1
2007	43565	1
2007	43576	1
2007	56365	1
2007	56456	1
2007	371509	1
2007	369081	1
2007	378730	1
2007	368857	1
2007	4207	1
2007	11269	1
2007	1779	1
2007	7794	1
2008	5428	1
2008	11188	1
2008	43565	1
2008	43576	1
2009	5428	1
2009	11188	1
2009	43565	1
2009	43576	1
2011	625	1
2011	6172	1
2011	6278	1
2011	6520	1
2011	33589	1
2019	56689	1
2022	56748	1
2028	66724	1
2046	3476	1
2046	3643	1
2046	10060	1
2046	366584	1
2046	366801	1
2046	367318	1
2046	46	1
2046	215	1
2046	577	1
2046	7794	1
2050	3570	1
2050	3659	1
2050	3676	1
2050	3678	1
2050	3758	1
2050	5956	1
2051	3570	1
2051	3659	1
2051	3676	1
2051	3678	1
2051	3758	1
2051	5956	1
2056	56491	1
2058	604	1
2058	6902	1
2058	422686	1
2058	367527	1
2058	56494	1
2058	7794	1
2061	20862	1
2062	1965	1
2062	4337	1
2062	43565	1
2064	43565	1
2067	50730	1
2067	366584	1
2067	369081	1
2067	46	1
2067	7794	1
2068	47	1
2068	117	1
2068	164	1
2068	216	1
2068	1507	1
2068	4605	1
2068	23158	1
2068	37836	1
2068	37973	1
2068	43565	1
2068	43576	1
2068	366584	1
2068	372511	1
2068	369090	1
2068	369081	1
2068	119631	1
2068	366801	1
2068	371032	1
2068	368857	1
2068	371650	1
2068	366800	1
2068	373782	1
2068	367317	1
2068	367555	1
2068	46	1
2068	5183	1
2068	215	1
2068	3692	1
2068	1779	1
2068	4347	1
2068	6454	1
2068	38810	1
2068	576	1
2072	43565	1
2074	128	1
2074	3750	1
2078	4289	1
2093	117	1
2093	3767	1
2093	23019	1
2093	28749	1
2093	32997	1
2093	56490	1
2093	56759	1
2093	72762	1
2093	423629	1
2093	58590	1
2094	10042	1
2096	3588	1
2100	616	1
2100	3155	1
2100	6454	1
2100	38125	1
2100	43574	1
2100	56368	1
2100	57081	1
2100	366584	1
2100	368857	1
2100	366800	1
2100	46	1
2100	1779	1
2102	616	1
2102	3155	1
2102	3590	1
2102	6454	1
2103	64760	1
2117	185	1
2117	551	1
2117	701	1
2117	9930	1
2117	10086	1
2117	64795	1
2117	269410	1
2132	69053	1
2132	405709	1
2132	368857	1
2132	38498	1
2132	1779	1
2132	7794	1
2136	1314	1
2136	16577	1
2137	56830	1
2144	16595	1
2147	32997	1
2147	33589	1
2148	5956	1
2148	10103	1
2149	56774	1
2153	33589	1
2153	56636	1
2171	22205	1
2171	22585	1
2171	28350	1
2179	33589	1
2179	56374	1
2180	33589	1
2180	36552	1
2189	43625	1
2189	56688	1
2192	1741	1
2192	1902	1
2192	5986	1
2192	16431	1
2192	37999	1
2192	56786	1
2196	2273	1
2196	407306	1
2196	369462	1
2196	405009	1
2196	40306	1
2196	2272	1
2196	37433	1
2198	5972	1
2198	5974	1
2198	22205	1
2198	22585	1
2198	28350	1
2198	56494	1
2198	373279	1
2198	620423	1
2198	203669	1
2198	366771	1
2198	7794	1
2198	282273	1
2198	195	1
2201	166	1
2201	196	1
2201	616	1
2201	1752	1
2201	1899	1
2201	2325	1
2201	3155	1
2201	5109	1
2201	6172	1
2201	6454	1
2201	6455	1
2201	7552	1
2201	14132	1
2201	16716	1
2201	38125	1
2201	56368	1
2201	378730	1
2201	3913	1
2201	369000	1
2201	166637	1
2201	11269	1
2212	117	1
2212	118	1
2212	432	1
2212	604	1
2212	694	1
2213	186	1
2213	690	1
2213	691	1
2213	30136	1
2213	43634	1
2213	43795	1
2213	56490	1
2213	56557	1
2213	56669	1
2213	56782	1
2213	58709	1
2216	8104	1
2216	16348	1
2216	190531	1
2216	422763	1
2216	366787	1
2216	367258	1
2216	439984	1
2216	422694	1
2216	8809	1
2216	421959	1
2216	389849	1
2216	638866	1
2216	389358	1
2216	38810	1
2216	56781	1
2216	530	1
2216	56668	1
2216	55665	1
2216	22351	1
2216	21857	1
2225	11171	1
2225	36528	1
2225	43625	1
2231	33589	1
2236	32997	1
2236	33589	1
2248	5826	1
2248	8104	1
2248	10067	1
2248	15119	1
2248	16350	1
2248	21235	1
2248	367490	1
2248	378730	1
2248	440549	1
2248	371032	1
2248	366771	1
2248	11269	1
2248	79959	1
2248	3692	1
2248	195	1
2248	36908	1
2249	169	1
2249	208	1
2266	3740	1
2267	1965	1
2267	45588	1
2272	22247	1
2272	29260	1
2280	627	1
2280	2537	1
2280	6104	1
2280	6172	1
2280	6520	1
2280	13303	1
2280	56326	1
2280	56495	1
2280	56515	1
2280	66870	1
2280	69370	1
2280	366690	1
2280	368511	1
2280	367170	1
2280	373279	1
2280	422750	1
2280	422755	1
2280	369527	1
2280	422686	1
2280	367258	1
2280	366771	1
2280	1494	1
2280	38810	1
2280	56767	1
2280	56773	1
2280	2324	1
2280	56494	1
2280	530	1
2280	195	1
2280	7794	1
2294	12345	1
2298	28234	1
2302	53165	1
2302	56326	1
2302	56365	1
2302	56366	1
2302	56444	1
2302	56495	1
2302	62030	1
2313	117	1
2313	694	1
2313	3155	1
2313	6553	1
2313	13963	1
2313	32997	1
2313	34776	1
2313	366627	1
2313	422656	1
2313	367318	1
2313	79	1
2313	577	1
2313	7794	1
2318	190531	1
2323	16595	1
2323	16596	1
2323	37311	1
2323	69483	1
2323	78343	1
2346	16344	1
2346	16347	1
2346	367490	1
2346	369081	1
2346	366801	1
2346	372305	1
2346	368857	1
2346	380818	1
2346	374552	1
2346	215	1
2346	4983	1
2346	1779	1
2346	13362	1
2346	7203	1
2347	16344	1
2347	16347	1
2364	1739	1
2369	37097	1
2369	366584	1
2369	368511	1
2369	366801	1
2369	422664	1
2369	46	1
2369	1494	1
2369	215	1
2369	56373	1
2369	7794	1
2373	242	1
2373	1300	1
2373	3732	1
2373	33589	1
2373	37836	1
2373	366584	1
2373	386936	1
2373	46	1
2373	19457	1
2374	71	1
2374	16733	1
2374	366584	1
2374	368511	1
2374	46	1
2374	1494	1
2375	15029	1
2375	43628	1
2375	371509	1
2375	378730	1
2375	371032	1
2380	705	1
2380	3750	1
2380	3774	1
2380	20862	1
2380	22175	1
2380	36544	1
2380	56363	1
2380	56375	1
2380	422758	1
2380	422763	1
2380	422656	1
2380	366787	1
2380	382083	1
2380	20861	1
2380	56776	1
2380	56781	1
2380	7794	1
2381	580	1
2389	694	1
2404	2273	1
2409	210	1
2409	1902	1
2409	3767	1
2409	5551	1
2409	5986	1
2409	37341	1
2409	37999	1
2409	56326	1
2409	56365	1
2409	56374	1
2409	56433	1
2409	56786	1
2409	366584	1
2409	366801	1
2409	369005	1
2409	46	1
2409	215	1
2409	1901	1
2409	7794	1
2422	412	1
2422	511	1
2422	37836	1
2428	1394	1
2428	1586	1
2428	1623	1
2428	1965	1
2428	2677	1
2428	3450	1
2428	3939	1
2428	4337	1
2428	4573	1
2428	5428	1
2428	6566	1
2428	43576	1
2428	43578	1
2428	43625	1
2428	45588	1
2428	369081	1
2428	7794	1
2432	16362	1
2432	37395	1
2432	43625	1
2432	369081	1
2432	367318	1
2432	366771	1
2432	577	1
2432	195	1
2447	5956	1
2450	30230	1
2450	369351	1
2450	2177	1
2452	56366	1
2477	14020	1
2477	56495	1
2477	56515	1
2477	56557	1
2477	367258	1
2477	530	1
2477	7794	1
2478	14020	1
2478	56495	1
2478	56515	1
2478	56557	1
2478	422686	1
2478	367258	1
2478	493753	1
2478	422694	1
2478	421959	1
2478	56494	1
2478	530	1
2478	135396	1
2478	56668	1
2478	55665	1
2478	7794	1
2480	22601	1
2480	50695	1
2481	412	1
2481	3590	1
2483	14020	1
2483	56495	1
2483	56515	1
2483	56557	1
2488	117	1
2488	630	1
2488	1394	1
2488	2101	1
2488	9112	1
2488	16355	1
2488	22524	1
2488	30136	1
2488	32997	1
2488	47521	1
2501	616	1
2501	3588	1
2504	56657	1
2509	208	1
2509	1331	1
2509	1623	1
2509	1902	1
2509	1965	1
2509	4186	1
2509	4337	1
2509	4496	1
2509	4573	1
2509	5231	1
2509	5952	1
2509	16737	1
2509	45588	1
2509	56375	1
2509	56495	1
2509	58590	1
2525	5657	1
2525	56375	1
2535	2320	1
2535	4289	1
2539	470	1
2539	3570	1
2539	9099	1
2539	11069	1
2539	8809	1
2539	20861	1
2543	426	1
2545	1394	1
2545	9112	1
2545	16354	1
2545	16355	1
2545	30616	1
2545	38182	1
2545	47521	1
2545	368391	1
2545	366800	1
2545	36642	1
2545	1393	1
2545	7794	1
2559	503	1
2559	42578	1
2565	117	1
2565	128	1
2565	169	1
2565	208	1
2565	3583	1
2565	3597	1
2565	3615	1
2565	4106	1
2565	32997	1
2565	33766	1
2565	36513	1
2565	56326	1
2565	56342	1
2565	56367	1
2565	56515	1
2565	56752	1
2565	366627	1
2565	422763	1
2565	422656	1
2565	366787	1
2565	422686	1
2565	366740	1
2565	366801	1
2565	367258	1
2565	79	1
2565	56781	1
2565	56494	1
2565	215	1
2565	530	1
2565	7794	1
2568	3096	1
2568	3583	1
2568	13992	1
2568	30136	1
2568	30878	1
2568	37052	1
2568	56444	1
2568	56490	1
2568	56725	1
2568	56726	1
2568	56778	1
2568	58853	1
2568	58862	1
2568	369081	1
2568	422709	1
2568	422755	1
2568	368857	1
2568	366800	1
2568	386936	1
2568	203669	1
2568	56773	1
2568	1779	1
2568	19457	1
2569	13992	1
2596	366584	1
2596	369005	1
2596	20861	1
2596	3582	1
2596	46	1
2596	1901	1
2596	7794	1
2630	3450	1
2630	4586	1
2630	5428	1
2630	11188	1
2630	37090	1
2630	43576	1
2630	56490	1
2630	56688	1
2630	58625	1
2645	1511	1
2645	5665	1
2645	8418	1
2645	10614	1
2645	11061	1
2645	39142	1
2645	366727	1
2645	367258	1
2645	378900	1
2645	378056	1
2645	367527	1
2645	530	1
2645	11436	1
2645	10613	1
2649	359	1
2649	3450	1
2649	3939	1
2649	4573	1
2649	5428	1
2649	6194	1
2649	11188	1
2649	16675	1
2649	16744	1
2649	37090	1
2649	43576	1
2649	56364	1
2651	5428	1
2651	43576	1
2661	126	1
2661	3361	1
2661	3467	1
2661	6120	1
2661	6254	1
2661	6902	1
2661	37950	1
2661	56731	1
2661	56759	1
2661	56771	1
2661	62343	1
2661	378730	1
2661	366787	1
2661	368745	1
2661	11269	1
2667	36681	1
2671	6038	1
2671	50730	1
2671	366584	1
2671	405502	1
2671	69370	1
2671	366690	1
2671	366787	1
2671	369005	1
2671	46	1
2671	38225	1
2671	1901	1
2684	9693	1
2684	422758	1
2684	369005	1
2684	50930	1
2684	56776	1
2684	1901	1
2700	8104	1
2700	13980	1
2705	476	1
2705	37097	1
2705	368511	1
2705	369081	1
2705	373279	1
2705	369527	1
2705	422763	1
2705	422686	1
2705	439984	1
2705	367555	1
2705	371032	1
2705	1494	1
2705	2324	1
2705	56781	1
2705	56494	1
2705	3692	1
2705	7794	1
2708	4289	1
2711	56752	1
2716	373782	1
2716	6454	1
2716	7794	1
2718	368511	1
2718	373043	1
2718	56429	1
2718	291762	1
2718	7794	1
2718	1494	1
2719	30136	1
2719	30398	1
2719	43650	1
2719	56340	1
2719	56342	1
2719	56367	1
2719	56490	1
2719	56557	1
2719	56782	1
2719	56823	1
2719	366584	1
2719	422763	1
2719	422656	1
2719	373319	1
2719	369005	1
2719	422694	1
2719	421959	1
2719	368543	1
2719	384083	1
2719	46	1
2719	56781	1
2719	6002	1
2719	1901	1
2719	56668	1
2719	55665	1
2719	1521	1
2719	16667	1
2721	56365	1
2721	56366	1
2721	56515	1
2732	3590	1
2732	38125	1
2732	56368	1
2732	56636	1
2732	57081	1
2809	3001	1
2809	3570	1
2838	186	1
2838	655	1
2838	3361	1
2838	6120	1
2838	65753	1
2839	616	1
2845	164	1
2845	167	1
2845	194	1
2845	247	1
2845	426	1
2845	577	1
2845	627	1
2845	2325	1
2845	3664	1
2845	3939	1
2845	4604	1
2845	5043	1
2845	5078	1
2845	7203	1
2845	7754	1
2845	7870	1
2845	7891	1
2845	45904	1
2845	58973	1
2845	66724	1
2849	37447	1
2849	43625	1
2849	56818	1
2851	56366	1
2851	58846	1
2851	386408	1
2851	422656	1
2851	371650	1
2851	4347	1
2854	33589	1
2857	1310	1
2861	56495	1
2866	1396	1
2869	8104	1
2869	16348	1
2870	33589	1
2881	29025	1
2881	377698	1
2881	324700	1
2881	10254	1
2882	33589	1
2892	1388	1
2892	3575	1
2892	4712	1
2892	5655	1
2892	119631	1
2892	367258	1
2892	530	1
2893	4289	1
2894	16345	1
2900	37836	1
2900	56366	1
2900	366584	1
2900	368511	1
2900	422750	1
2900	366800	1
2900	46	1
2900	1494	1
2900	56767	1
2900	7794	1
2902	15033	1
2902	16362	1
2903	247	1
2903	577	1
2903	3155	1
2903	4235	1
2903	5014	1
2903	6455	1
2903	7891	1
2903	8575	1
2906	22673	1
2906	50695	1
2908	9112	1
2908	376952	1
2908	9520	1
2928	15033	1
2930	36541	1
2930	56363	1
2930	366584	1
2930	369527	1
2930	366801	1
2930	3466	1
2930	61536	1
2930	46	1
2930	2324	1
2930	215	1
2930	7794	1
2936	3588	1
2938	4289	1
2940	4289	1
2941	8575	1
2941	371509	1
2941	422686	1
2941	4207	1
2941	56494	1
2941	7794	1
2945	366584	1
2945	367317	1
2945	422686	1
2945	369005	1
2945	65502	1
2945	391117	1
2945	366800	1
2945	46	1
2945	7794	1
2945	576	1
2945	56494	1
2945	1901	1
2945	23579	1
2966	164	1
2966	167	1
2966	553	1
2966	627	1
2966	1780	1
2966	1965	1
2966	3634	1
2966	3939	1
2966	4337	1
2966	4496	1
2966	4933	1
2966	5083	1
2966	5460	1
2966	6104	1
2966	19046	1
2966	37973	1
2966	43578	1
2966	44512	1
2966	45588	1
2966	47521	1
2966	56366	1
2966	56422	1
2966	56444	1
2966	56490	1
2966	56812	1
2966	57396	1
2966	366584	1
2966	422758	1
2966	369090	1
2966	369081	1
2966	373279	1
2966	119631	1
2966	369527	1
2966	3913	1
2966	422686	1
2966	371032	1
2966	380818	1
2966	366800	1
2966	374552	1
2966	46	1
2966	56776	1
2966	2324	1
2966	56494	1
2966	3692	1
2966	13362	1
2966	7203	1
2966	7794	1
2967	33589	1
2967	56841	1
2970	56841	1
2970	366584	1
2970	367258	1
2970	405008	1
2970	46	1
2970	530	1
2970	7794	1
2979	366584	1
2979	116102	1
2979	46	1
2986	694	1
2986	4573	1
2986	5109	1
2986	6254	1
2986	6553	1
2986	16334	1
2986	37090	1
2986	44512	1
2986	56366	1
2986	56433	1
2986	56494	1
2986	56816	1
2986	370406	1
2986	368511	1
2986	366800	1
2986	367258	1
2986	3041	1
2986	1494	1
2986	7794	1
2986	530	1
2991	3590	1
2991	30136	1
2991	43634	1
2991	56490	1
2991	56636	1
2991	190531	1
3000	118	1
3000	3451	1
3001	625	1
3001	6278	1
3001	33589	1
3001	56628	1
3003	7115	1
3003	8547	1
3003	13267	1
3005	367490	1
3005	367258	1
3005	371032	1
3005	373782	1
3005	374552	1
3005	530	1
3005	3692	1
3005	6454	1
3005	7203	1
3010	58752	1
3011	1965	1
3011	2465	1
3011	4337	1
3011	5044	1
3011	6008	1
3011	6016	1
3011	10481	1
3011	22205	1
3011	26852	1
3011	36552	1
3011	37090	1
3011	43578	1
3011	56375	1
3014	5956	1
3014	10103	1
3028	16362	1
3029	16362	1
3031	128	1
3031	1507	1
3031	1623	1
3031	4235	1
3031	4573	1
3031	7971	1
3031	37973	1
3031	56364	1
3031	56366	1
3031	56433	1
3031	56429	1
3031	368511	1
3031	369090	1
3031	369081	1
3031	371032	1
3031	422664	1
3031	367490	1
3031	119631	1
3031	367317	1
3031	367318	1
3031	543903	1
3031	7794	1
3031	1494	1
3031	3692	1
3031	56373	1
3031	576	1
3031	577	1
3031	190601	1
3040	6254	1
3040	15033	1
3040	37090	1
3044	167	1
3044	233	1
3044	291	1
3044	597	1
3044	3693	1
3044	3939	1
3044	4235	1
3044	4364	1
3044	4573	1
3044	5078	1
3044	6104	1
3044	6254	1
3044	8245	1
3044	8298	1
3044	10481	1
3044	15033	1
3044	16362	1
3044	26852	1
3044	30616	1
3044	37090	1
3044	37395	1
3044	43625	1
3044	56116	1
3053	580	1
3053	3750	1
3053	6254	1
3053	15033	1
3053	37090	1
3060	580	1
3060	3750	1
3061	33589	1
3061	37463	1
3061	56365	1
3061	56722	1
3061	368511	1
3061	1494	1
3068	1258	1
3068	28434	1
3070	1741	1
3070	1902	1
3070	3580	1
3070	5014	1
3070	5986	1
3070	6003	1
3070	56839	1
3070	422709	1
3070	373319	1
3070	369005	1
3070	423886	1
3070	56725	1
3070	6002	1
3070	1901	1
3070	58846	1
3136	33766	1
3136	56490	1
3137	2968	1
3137	6024	1
3137	19429	1
3137	22210	1
3137	6023	1
3138	1496	1
3138	56753	1
3138	422686	1
3138	65502	1
3138	370651	1
3138	472016	1
3138	161364	1
3138	56494	1
3138	3249	1
3138	112546	1
3138	7794	1
3145	5826	1
3145	37315	1
3145	38515	1
3150	29025	1
3154	367527	1
3159	33184	1
3164	247	1
3164	1507	1
3164	1623	1
3164	1752	1
3164	2325	1
3164	3693	1
3164	3939	1
3164	4337	1
3164	4405	1
3164	4573	1
3164	4604	1
3164	4793	1
3164	4883	1
3164	5063	1
3164	5078	1
3164	5092	1
3164	5460	1
3164	6022	1
3164	6310	1
3164	6566	1
3164	11220	1
3164	19429	1
3164	22210	1
3164	43578	1
3164	43673	1
3164	56342	1
3164	57223	1
3164	277826	1
3164	422656	1
3164	7794	1
3165	3570	1
3174	43625	1
3174	367116	1
3174	368997	1
3174	378730	1
3174	369527	1
3174	367258	1
3174	22518	1
3174	371032	1
3174	368857	1
3174	373782	1
3174	374552	1
3174	369081	1
3174	422	1
3174	1895	1
3174	11269	1
3174	2324	1
3174	530	1
3174	3692	1
3174	1779	1
3174	6454	1
3174	7203	1
3183	56490	1
3193	56495	1
3193	422686	1
3193	56799	1
3193	384621	1
3193	69370	1
3193	368511	1
3193	366627	1
3193	366787	1
3193	368857	1
3193	3582	1
3193	373782	1
3193	374552	1
3193	56494	1
3193	17190	1
3193	1494	1
3193	79	1
3193	1779	1
3193	6454	1
3193	7203	1
3193	7794	1
3211	466	1
3211	3732	1
3211	26889	1
3211	36905	1
3211	43625	1
3211	57212	1
3211	69053	1
3211	366727	1
3211	367258	1
3211	371032	1
3211	530	1
3211	3692	1
3215	5551	1
3215	21865	1
3215	23153	1
3233	2711	1
3233	3975	1
3233	16729	1
3233	21862	1
3233	47230	1
3233	56382	1
3233	367490	1
3233	367258	1
3233	440549	1
3233	367527	1
3233	371032	1
3233	373782	1
3233	366678	1
3233	374552	1
3233	38810	1
3233	530	1
3233	79959	1
3233	3692	1
3233	6454	1
3233	117	1
3233	7203	1
3238	487	1
3238	5409	1
3238	37973	1
3244	30079	1
3246	30079	1
3246	56346	1
3246	367258	1
3246	56662	1
3246	368857	1
3246	530	1
3246	1779	1
3251	4289	1
3270	5084	1
3270	5092	1
3270	7203	1
3270	7270	1
3270	15034	1
3270	43565	1
3270	56688	1
3270	281967	1
3275	43578	1
3275	366584	1
3275	422686	1
3275	372092	1
3275	445758	1
3275	166807	1
3275	382083	1
3275	422664	1
3275	46	1
3275	56494	1
3275	85275	1
3275	56373	1
3275	7794	1
3288	479	1
3288	6902	1
3288	16362	1
3288	21865	1
3288	23153	1
3288	28323	1
3288	276465	1
3288	21864	1
3288	521762	1
3288	43065	1
3288	368857	1
3288	368038	1
3288	16331	1
3288	166441	1
3288	1779	1
3322	3685	1
3322	5947	1
3322	19773	1
3322	37477	1
3331	37097	1
3334	4289	1
3341	359	1
3341	361	1
3341	466	1
3341	683	1
3341	3750	1
3341	4289	1
3348	165	1
3348	166	1
3348	616	1
3348	713	1
3348	378730	1
3348	422686	1
3348	368857	1
3348	391117	1
3348	11269	1
3348	56494	1
3348	1779	1
3348	23579	1
3348	7794	1
3353	22205	1
3353	28350	1
3353	7794	1
3357	190531	1
3359	8575	1
3359	370406	1
3359	368511	1
3359	369527	1
3359	366787	1
3359	422686	1
3359	3041	1
3359	1494	1
3359	2324	1
3359	56494	1
3359	7794	1
3361	1507	1
3361	3071	1
3361	3675	1
3361	3939	1
3361	4573	1
3361	5231	1
3361	6194	1
3361	6566	1
3361	13963	1
3361	13982	1
3361	37090	1
3361	43625	1
3361	56495	1
3361	422692	1
3361	369081	1
3361	422686	1
3361	388605	1
3361	6023	1
3361	56578	1
3361	56494	1
3361	21051	1
3361	7794	1
3369	22205	1
3369	28350	1
3369	7794	1
3376	196	1
3376	5972	1
3376	5974	1
3376	6553	1
3376	22205	1
3376	28350	1
3376	56753	1
3378	5974	1
3378	6553	1
3378	22205	1
3378	28350	1
3378	422686	1
3378	56494	1
3378	7794	1
3384	2677	1
3384	56731	1
3384	370447	1
3384	369962	1
3384	2676	1
3391	20861	1
3395	166	1
3395	16705	1
3395	61545	1
3409	3740	1
3431	487	1
3431	3792	1
3431	4062	1
3431	4826	1
3436	182	1
3436	247	1
3436	577	1
3436	597	1
3436	616	1
3436	624	1
3436	625	1
3436	1507	1
3436	1752	1
3436	2537	1
3436	3155	1
3436	3939	1
3436	4235	1
3436	4337	1
3436	4933	1
3436	5014	1
3436	5113	1
3436	5460	1
3436	6454	1
3436	6455	1
3436	7216	1
3436	7891	1
3436	8575	1
3436	43576	1
3436	56368	1
3438	56365	1
3438	369081	1
3438	369527	1
3438	367555	1
3438	371032	1
3438	380818	1
3438	373782	1
3438	374552	1
3438	38810	1
3438	2324	1
3438	3692	1
3438	13362	1
3438	6454	1
3438	7203	1
3440	10103	1
3443	5115	1
3443	37867	1
3443	37950	1
3443	40306	1
3443	65776	1
3443	176984	1
3443	393237	1
3443	369527	1
3443	366627	1
3443	366787	1
3443	366740	1
3443	25524	1
3443	2324	1
3443	79	1
3448	256	1
3448	64795	1
3451	164	1
3451	1507	1
3451	1623	1
3451	32997	1
3451	56365	1
3451	56366	1
3461	4289	1
3470	4289	1
3471	36674	1
3476	5243	1
3478	13963	1
3478	19046	1
3478	56366	1
3478	56743	1
3478	56757	1
3478	395651	1
3478	27840	1
3480	5956	1
3480	10103	1
3482	450	1
3482	16729	1
3482	38043	1
3482	58709	1
3482	366584	1
3482	69370	1
3482	20861	1
3482	46	1
3482	7794	1
3497	705	1
3497	41260	1
3497	190495	1
3501	4289	1
3503	1780	1
3503	5078	1
3503	5084	1
3503	6455	1
3503	7203	1
3503	7204	1
3503	11270	1
3503	19424	1
3503	50695	1
3503	376952	1
3503	9520	1
3505	369	1
3505	450	1
3505	616	1
3505	2325	1
3505	3451	1
3505	3603	1
3505	6260	1
3505	26861	1
3505	38125	1
3506	509	1
3506	56490	1
3516	22260	1
3516	38783	1
3525	705	1
3525	32947	1
3525	41260	1
3525	58242	1
3525	373656	1
3525	422758	1
3525	368511	1
3525	369081	1
3525	366800	1
3525	6330	1
3525	56776	1
3525	1494	1
3526	37097	1
3527	3583	1
3527	3590	1
3527	3613	1
3527	5460	1
3527	6003	1
3527	8104	1
3527	9099	1
3527	30136	1
3527	36762	1
3527	56495	1
3527	56839	1
3527	366727	1
3527	369527	1
3527	422686	1
3527	373319	1
3527	372837	1
3527	366800	1
3527	2324	1
3527	56494	1
3527	6002	1
3527	7794	1
3528	5956	1
3528	10103	1
3530	5956	1
3530	10103	1
3532	5956	1
3532	10103	1
3534	22198	1
3534	56763	1
3535	479	1
3535	705	1
3535	3451	1
3535	3517	1
3535	3567	1
3535	3590	1
3535	5428	1
3535	38043	1
3535	56323	1
3535	56467	1
3535	69045	1
3535	170628	1
3536	3517	1
3536	3590	1
3536	56323	1
3536	69045	1
3536	170628	1
3546	4289	1
3548	37097	1
3548	56326	1
3548	366584	1
3548	46	1
3548	7794	1
3552	3649	1
3552	6040	1
3552	8438	1
3552	30136	1
3552	56490	1
3572	3694	1
3572	4573	1
3572	5551	1
3572	36672	1
3572	56326	1
3572	56494	1
3572	56515	1
3581	367490	1
3581	369527	1
3581	366867	1
3581	366627	1
3581	366801	1
3581	367527	1
3581	368857	1
3581	374552	1
3581	2324	1
3581	79	1
3581	215	1
3581	1779	1
3581	7203	1
3588	56366	1
3594	1623	1
3594	1965	1
3594	3071	1
3594	4186	1
3594	4337	1
3594	4496	1
3594	43576	1
3594	56494	1
3596	19792	1
3599	21052	1
3599	37338	1
3599	388605	1
3599	21051	1
3607	84	1
3615	15020	1
3615	56363	1
3615	56433	1
3615	378730	1
3615	366787	1
3615	11269	1
3616	580	1
3616	1496	1
3616	5551	1
3616	8104	1
3616	56379	1
3617	705	1
3617	16717	1
3617	22260	1
3617	38783	1
3617	41260	1
3617	43650	1
3617	169159	1
3621	4289	1
3631	47521	1
3634	4289	1
3636	13267	1
3636	22175	1
3636	56363	1
3636	422664	1
3636	56373	1
3636	7794	1
3638	727	1
3638	728	1
3638	5115	1
3638	5338	1
3638	37867	1
3638	366911	1
3638	69370	1
3641	210	1
3641	330	1
3641	369	1
3641	376	1
3641	412	1
3641	511	1
3641	36552	1
3641	366727	1
3641	368511	1
3641	369527	1
3641	367258	1
3641	367555	1
3641	1494	1
3641	2324	1
3641	530	1
3641	7794	1
3648	138	1
3648	616	1
3648	1314	1
3648	1507	1
3648	1623	1
3648	1780	1
3648	2325	1
3648	3155	1
3648	6104	1
3648	6566	1
3648	7754	1
3648	43626	1
3648	57396	1
3648	366800	1
3658	117	1
3658	164	1
3658	247	1
3658	353	1
3658	426	1
3658	577	1
3658	597	1
3658	616	1
3658	624	1
3658	630	1
3658	1507	1
3658	1623	1
3658	1752	1
3658	1780	1
3658	2096	1
3658	2325	1
3658	3155	1
3658	3693	1
3658	3939	1
3658	4235	1
3658	4265	1
3658	4405	1
3658	4530	1
3658	4573	1
3658	4605	1
3658	4883	1
3658	5014	1
3658	5063	1
3658	5083	1
3658	5262	1
3658	5460	1
3658	5657	1
3658	5952	1
3658	6104	1
3658	6454	1
3658	6566	1
3658	7754	1
3658	7891	1
3658	10699	1
3658	11220	1
3658	13303	1
3658	28934	1
3658	43578	1
3658	43626	1
3658	56365	1
3658	56368	1
3658	56515	1
3658	56549	1
3658	56814	1
3658	57081	1
3658	57223	1
3658	58818	1
3658	69041	1
3658	366584	1
3658	372511	1
3658	367490	1
3658	422758	1
3658	369090	1
3658	369527	1
3658	367317	1
3658	422686	1
3658	367258	1
3658	367555	1
3658	371032	1
3658	368857	1
3658	371650	1
3658	366800	1
3658	374552	1
3658	366801	1
3658	367318	1
3658	370406	1
3658	46	1
3658	5183	1
3658	56776	1
3658	2324	1
3658	576	1
3658	56494	1
3658	530	1
3658	3692	1
3658	1779	1
3658	4347	1
3658	7203	1
3658	7794	1
3658	215	1
3658	3041	1
3659	366584	1
3659	367318	1
3659	46	1
3659	577	1
3659	7794	1
3679	19046	1
3679	22051	1
3679	28234	1
3679	37147	1
3679	368511	1
3679	69370	1
3679	1494	1
3680	22051	1
3696	13982	1
3704	580	1
3704	15119	1
3704	21235	1
3707	22520	1
3708	3615	1
3708	4106	1
3708	20862	1
3708	37308	1
3708	56490	1
3713	22205	1
3715	128	1
3715	169	1
3715	208	1
3715	580	1
3715	655	1
3715	691	1
3715	719	1
3715	3361	1
3715	3583	1
3715	5243	1
3715	6120	1
3715	8104	1
3715	16705	1
3715	56491	1
3715	65753	1
3715	69045	1
3715	366584	1
3715	69370	1
3715	366690	1
3715	422758	1
3715	366787	1
3715	366740	1
3715	46	1
3715	3360	1
3715	56776	1
3725	625	1
3725	628	1
3725	733	1
3725	1623	1
3725	2537	1
3725	3939	1
3725	4573	1
3725	6520	1
3725	6566	1
3725	22175	1
3725	32997	1
3725	38043	1
3725	56363	1
3725	56366	1
3725	58590	1
3725	366584	1
3725	152230	1
3725	52450	1
3725	369081	1
3725	380752	1
3726	56490	1
3730	476	1
3730	15035	1
3730	30910	1
3730	36687	1
3730	56326	1
3730	56374	1
3730	56375	1
3730	56436	1
3730	56515	1
3730	366584	1
3730	369527	1
3730	367317	1
3730	374552	1
3730	46	1
3730	2324	1
3730	576	1
3730	7203	1
3730	7794	1
3736	3486	1
3736	27866	1
3736	30230	1
3737	5826	1
3737	14138	1
3737	17852	1
3737	27866	1
3737	38043	1
3742	56748	1
3744	56748	1
3761	33589	1
3766	6001	1
3788	4289	1
3842	1965	1
3842	4337	1
3842	6455	1
3842	8104	1
3842	11199	1
3842	43578	1
3842	56494	1
3842	380752	1
3842	371638	1
3842	3913	1
3842	372092	1
3842	405008	1
3842	374552	1
3842	13301	1
3842	7203	1
3842	7794	1
3853	36544	1
3853	371638	1
3853	369081	1
3853	119631	1
3853	367555	1
3901	4289	1
3927	39142	1
3942	426	1
3943	6454	1
3943	37248	1
3945	2307	1
3945	19458	1
3945	56364	1
3945	56365	1
3945	56366	1
3945	56433	1
3945	56456	1
3945	56821	1
3945	386936	1
3945	19457	1
3957	20862	1
3957	56490	1
3957	20861	1
3960	1300	1
3960	2090	1
3983	242	1
3983	5551	1
3983	56490	1
3983	56841	1
3989	301	1
3989	361	1
3989	509	1
3989	521	1
3989	664	1
3989	683	1
3989	3616	1
3989	3646	1
3989	4180	1
3989	5826	1
3989	16733	1
3989	37319	1
3992	581	1
3992	3603	1
3992	13913	1
3992	19237	1
3992	19780	1
3992	56619	1
3992	56830	1
3992	366584	1
3992	366867	1
3992	46	1
3992	7794	1
4000	14132	1
4001	4289	1
4008	228	1
4008	1697	1
4008	1965	1
4008	4337	1
4008	9251	1
4008	37836	1
4008	43565	1
4008	50695	1
4008	8141	1
4008	152230	1
4008	369081	1
4008	384083	1
4008	371650	1
4008	366786	1
4017	169	1
4017	208	1
4019	6490	1
4019	14132	1
4019	368511	1
4019	369081	1
4019	1494	1
4019	7794	1
4021	1965	1
4021	6194	1
4023	5115	1
4023	37867	1
4025	553	1
4025	11696	1
4027	330	1
4027	33589	1
4035	6003	1
4035	6278	1
4035	13992	1
4035	30878	1
4035	56444	1
4035	56725	1
4035	56726	1
4035	56774	1
4035	56823	1
4035	58853	1
4035	422709	1
4035	422755	1
4035	369527	1
4035	373319	1
4035	368857	1
4035	366800	1
4035	373782	1
4035	56773	1
4035	2324	1
4035	6002	1
4035	1779	1
4035	6454	1
4035	7794	1
4037	580	1
4046	694	1
4046	371509	1
4046	4207	1
4047	694	1
4056	551	1
4056	5956	1
4056	10103	1
4056	21442	1
4056	62487	1
4061	6174	1
4061	7552	1
4061	8104	1
4061	56748	1
4061	58660	1
4061	369527	1
4061	2324	1
4061	7794	1
4063	6553	1
4066	553	1
4066	6194	1
4066	16675	1
4066	56490	1
4066	67304	1
4066	638866	1
4069	80	1
4069	450	1
4069	3939	1
4069	4573	1
4069	5826	1
4069	11789	1
4069	16471	1
4069	39742	1
4069	43626	1
4069	56490	1
4069	56689	1
4069	58709	1
4069	390055	1
4069	387149	1
4069	373279	1
4069	378730	1
4069	366627	1
4069	371032	1
4069	22544	1
4069	19673	1
4069	11269	1
4069	79	1
4069	3692	1
4073	83	1
4073	91	1
4073	710	1
4073	733	1
4073	2090	1
4073	4539	1
4073	38182	1
4073	56326	1
4073	56494	1
4073	56515	1
4073	58818	1
4073	368511	1
4073	366867	1
4073	367527	1
4073	373782	1
4073	371032	1
4073	368857	1
4073	1494	1
4073	6454	1
4073	7794	1
4073	3692	1
4073	1779	1
4097	128	1
4097	580	1
4097	5826	1
4108	2454	1
4108	19786	1
4108	32997	1
4108	119631	1
4108	438669	1
4108	371032	1
4108	374552	1
4108	3692	1
4108	7203	1
4132	4289	1
4133	37999	1
4133	53165	1
4134	43842	1
4134	422664	1
4134	56373	1
4134	7794	1
4186	210	1
4196	164	1
4196	166	1
4196	4982	1
4196	13991	1
4196	21052	1
4196	33435	1
4196	388605	1
4196	385614	1
4196	366584	1
4196	368511	1
4196	369527	1
4196	367258	1
4196	371032	1
4196	368857	1
4196	373782	1
4196	374552	1
4196	69370	1
4196	367490	1
4196	378730	1
4196	439984	1
4196	367555	1
4196	21051	1
4196	46	1
4196	1494	1
4196	2324	1
4196	530	1
4196	3692	1
4196	1779	1
4196	6454	1
4196	7203	1
4196	38810	1
4196	11269	1
4197	28251	1
4197	37285	1
4198	116	1
4198	727	1
4198	728	1
4205	208	1
4205	701	1
4205	3590	1
4205	3684	1
4205	5115	1
4205	32982	1
4205	37867	1
4205	56329	1
4205	56330	1
4213	210	1
4213	553	1
4213	616	1
4213	664	1
4213	3675	1
4216	3447	1
4216	3448	1
4216	3490	1
4216	3501	1
4216	3684	1
4216	33009	1
4216	36552	1
4222	1780	1
4222	22601	1
4222	50695	1
4222	389308	1
4222	368391	1
4222	422686	1
4222	366740	1
4222	371032	1
4222	368857	1
4222	373782	1
4222	366678	1
4222	374552	1
4222	21801	1
4222	1393	1
4222	56494	1
4222	3692	1
4222	1779	1
4222	6454	1
4222	117	1
4222	7203	1
4222	7794	1
4224	1902	1
4224	5551	1
4224	6003	1
4224	56839	1
4226	3476	1
4226	3583	1
4226	36761	1
4246	3732	1
4246	6194	1
4246	13963	1
4246	28234	1
4246	37052	1
4246	368511	1
4246	369081	1
4246	422763	1
4246	422686	1
4246	368857	1
4246	380818	1
4246	3582	1
4246	1494	1
4246	56781	1
4246	56494	1
4246	1779	1
4246	13362	1
4246	7794	1
4248	22205	1
4255	3583	1
4255	22205	1
4255	28350	1
4266	580	1
4266	8104	1
4275	22205	1
4275	28350	1
4320	5083	1
4320	3582	1
4322	4289	1
4334	164	1
4334	616	1
4334	1780	1
4334	1965	1
4334	3693	1
4334	3939	1
4334	4092	1
4334	4235	1
4334	4573	1
4334	6104	1
4334	11220	1
4334	43574	1
4334	43578	1
4334	43625	1
4340	58973	1
4343	28262	1
4354	6902	1
4354	37973	1
4354	62343	1
4354	52172	1
4354	387264	1
4354	367490	1
4354	369090	1
4354	119631	1
4354	422686	1
4354	380818	1
4354	369081	1
4354	368857	1
4354	373782	1
4354	378730	1
4354	368638	1
4354	368375	1
4354	56494	1
4354	13362	1
4354	7794	1
4354	1779	1
4354	6454	1
4354	11269	1
4354	1591	1
4354	1379	1
4366	45904	1
4371	710	1
4371	3473	1
4371	13267	1
4371	14827	1
4371	29660	1
4371	69370	1
4398	1496	1
4398	36544	1
4400	1600	1
4406	208	1
4406	56375	1
4406	56683	1
4407	83	1
4407	3361	1
4407	3732	1
4407	4068	1
4407	4539	1
4407	6520	1
4407	37939	1
4407	56326	1
4407	56495	1
4407	56752	1
4407	366584	1
4407	366727	1
4407	366800	1
4407	46	1
4407	7794	1
4408	5243	1
4411	210	1
4411	705	1
4411	3476	1
4411	3583	1
4411	36761	1
4411	41260	1
4414	3476	1
4431	4289	1
4433	6194	1
4441	4289	1
4444	20862	1
4451	117	1
4451	3761	1
4451	4031	1
4451	6194	1
4451	23624	1
4451	56375	1
4451	372621	1
4451	5291	1
4458	216	1
4458	3450	1
4458	5428	1
4458	37343	1
4458	56688	1
4458	373279	1
4458	366678	1
4458	3699	1
4458	117	1
4458	7794	1
4462	16362	1
4462	37395	1
4462	371509	1
4462	369090	1
4462	371032	1
4462	368857	1
4462	4207	1
4462	3692	1
4462	1779	1
4465	37333	1
4465	56683	1
4465	56684	1
4465	61550	1
4465	367258	1
4465	530	1
4466	56684	1
4467	476	1
4467	56541	1
4473	3939	1
4473	511397	1
4473	380818	1
4473	155010	1
4473	13362	1
4474	1900	1
4474	36696	1
4474	367490	1
4474	368511	1
4474	367258	1
4474	369005	1
4474	371198	1
4474	404606	1
4474	371650	1
4474	1494	1
4474	530	1
4474	1901	1
4474	3881	1
4474	4347	1
4477	705	1
4477	41260	1
4484	80	1
4484	291	1
4484	1507	1
4484	1780	1
4484	2101	1
4484	2537	1
4484	3583	1
4484	3634	1
4484	3693	1
4484	4573	1
4484	6016	1
4484	6172	1
4484	6520	1
4484	6566	1
4484	7204	1
4484	15035	1
4484	36762	1
4484	37090	1
4484	38043	1
4484	58854	1
4484	382444	1
4484	119631	1
4484	371032	1
4484	366800	1
4484	3582	1
4484	369527	1
4484	366801	1
4484	15034	1
4484	3692	1
4484	2324	1
4484	215	1
4485	4289	1
4493	224	1
4493	28234	1
4493	56495	1
4493	100352	1
4505	128	1
4510	4289	1
4518	56113	1
4518	56683	1
4518	56684	1
4518	61550	1
4518	368511	1
4518	1494	1
4521	16705	1
4521	58743	1
4521	61545	1
4521	423203	1
4521	57843	1
4522	10024	1
4523	56490	1
4523	62314	1
4523	638866	1
4524	1623	1
4524	6104	1
4524	366584	1
4524	422686	1
4524	367318	1
4524	382083	1
4524	46	1
4524	56494	1
4524	577	1
4524	7794	1
4525	216	1
4525	1507	1
4525	1623	1
4525	16350	1
4525	20523	1
4525	28487	1
4525	34689	1
4525	56326	1
4525	56375	1
4525	56444	1
4525	56515	1
4525	56723	1
4525	56775	1
4525	58590	1
4525	118939	1
4525	366801	1
4525	373043	1
4525	504987	1
4525	388017	1
4525	62588	1
4525	215	1
4525	147448	1
4525	7794	1
4527	1507	1
4527	1623	1
4527	58590	1
4532	4289	1
4533	56368	1
4533	190531	1
4533	493753	1
4533	135396	1
4537	138	1
4537	1314	1
4537	2325	1
4537	16577	1
4537	37097	1
4540	597	1
4540	2325	1
4540	4235	1
4540	6254	1
4540	15033	1
4540	16362	1
4540	367318	1
4540	577	1
4552	6194	1
4552	422738	1
4552	56755	1
4575	1965	1
4575	2465	1
4575	369081	1
4575	119631	1
4575	369005	1
4575	1901	1
4576	4289	1
4584	242	1
4584	3476	1
4584	5551	1
4584	16331	1
4584	33589	1
4584	56841	1
4584	190531	1
4584	366584	1
4584	368511	1
4584	422686	1
4584	46	1
4584	1494	1
4584	56494	1
4584	7794	1
4585	701	1
4585	715	1
4585	716	1
4585	3590	1
4585	6520	1
4611	5083	1
4611	5262	1
4611	19046	1
4611	43578	1
4611	47521	1
4611	56366	1
4611	56433	1
4612	4289	1
4615	128	1
4615	208	1
4615	233	1
4615	291	1
4615	616	1
4615	655	1
4615	690	1
4615	691	1
4615	705	1
4615	1780	1
4615	2968	1
4615	3567	1
4615	3583	1
4615	3597	1
4615	3613	1
4615	3615	1
4615	3735	1
4615	3988	1
4615	4106	1
4615	5083	1
4615	5084	1
4615	5092	1
4615	6455	1
4615	7203	1
4615	7204	1
4615	7270	1
4615	7754	1
4615	9099	1
4615	13267	1
4615	16595	1
4615	16596	1
4615	16675	1
4615	27047	1
4615	28374	1
4615	30079	1
4615	30136	1
4615	36541	1
4615	36761	1
4615	36762	1
4615	37311	1
4615	38124	1
4615	41260	1
4615	56490	1
4615	56515	1
4615	56799	1
4615	69483	1
4615	149096	1
4615	638866	1
4615	368857	1
4615	374552	1
4615	1779	1
4621	16596	1
4621	28374	1
4621	37311	1
4622	16596	1
4622	28374	1
4622	37311	1
4622	366584	1
4622	368511	1
4622	378730	1
4622	367317	1
4622	46	1
4622	1494	1
4622	11269	1
4622	576	1
4622	7794	1
4624	727	1
4624	728	1
4624	3071	1
4624	4337	1
4624	5338	1
4624	6194	1
4624	63651	1
4700	672	1
4700	694	1
4700	3678	1
4700	6520	1
4700	9099	1
4700	16675	1
4700	43625	1
4700	56557	1
4700	56821	1
4700	369081	1
4700	421959	1
4700	55665	1
4700	7794	1
4701	1965	1
4701	2537	1
4701	3071	1
4701	4337	1
4701	6194	1
4701	6454	1
4701	6566	1
4701	45588	1
4701	63651	1
4701	366584	1
4701	367345	1
4701	371638	1
4701	368857	1
4701	401080	1
4701	46	1
4701	599	1
4701	1779	1
4701	33266	1
4702	47	1
4702	216	1
4702	4605	1
4702	21828	1
4702	23158	1
4702	37836	1
4702	43565	1
4702	43576	1
4702	58625	1
4702	371509	1
4702	369081	1
4702	373279	1
4702	119631	1
4702	366801	1
4702	371032	1
4702	371650	1
4702	4207	1
4702	215	1
4702	3692	1
4702	4347	1
4703	47	1
4703	4605	1
4703	9099	1
4703	37836	1
4703	43565	1
4703	43576	1
4727	29803	1
4727	37090	1
4727	367256	1
4727	368210	1
4727	369721	1
4727	369527	1
4727	422763	1
4727	367527	1
4727	373782	1
4727	528	1
4727	2482	1
4727	2324	1
4727	56781	1
4727	6454	1
4742	580	1
4742	366584	1
4742	46	1
4742	7794	1
4761	56374	1
4761	56494	1
4761	142808	1
4761	422686	1
4761	422664	1
4761	56373	1
4761	7794	1
4771	369351	1
4771	2177	1
4771	13914	1
4782	1394	1
4782	9112	1
4782	16355	1
4783	13982	1
4783	33766	1
4783	56515	1
4783	66656	1
4783	367345	1
4783	422656	1
4783	599	1
4792	616	1
4792	4530	1
4792	6455	1
4792	7204	1
4792	7216	1
4792	7754	1
4792	16595	1
4792	16675	1
4792	56326	1
4792	56490	1
4792	369090	1
4792	378730	1
4792	369527	1
4792	371032	1
4792	379057	1
4792	149096	1
4792	11269	1
4792	2324	1
4792	3692	1
4792	11594	1
4792	7794	1
4824	3774	1
4824	6278	1
4824	33589	1
4830	128	1
4830	553	1
4830	3077	1
4830	50695	1
4830	53165	1
4830	56375	1
4830	56688	1
4837	6194	1
4837	33766	1
4837	56326	1
4837	56374	1
4837	422664	1
4837	371650	1
4837	56373	1
4837	4347	1
4837	7794	1
4840	128	1
4840	553	1
4840	705	1
4840	38125	1
4840	41260	1
4840	50695	1
4840	53165	1
4840	56368	1
4840	56375	1
4840	56688	1
4842	128	1
4842	228	1
4842	296	1
4842	553	1
4842	705	1
4842	1697	1
4842	1965	1
4842	2465	1
4842	3597	1
4842	3975	1
4842	4337	1
4842	6490	1
4842	22601	1
4842	30136	1
4842	33766	1
4842	37950	1
4842	41260	1
4842	47521	1
4842	50695	1
4842	53165	1
4842	56326	1
4842	56375	1
4842	56494	1
4842	56495	1
4842	56688	1
4842	376952	1
4842	369081	1
4842	366787	1
4842	422686	1
4842	366584	1
4842	369090	1
4842	366627	1
4842	367258	1
4842	367527	1
4842	371032	1
4842	368857	1
4842	3582	1
4842	373782	1
4842	374552	1
4842	366727	1
4842	367317	1
4842	422773	1
4842	440549	1
4842	439984	1
4842	367555	1
4842	9520	1
4842	7794	1
4842	46	1
4842	79	1
4842	530	1
4842	3692	1
4842	1779	1
4842	6454	1
4842	7203	1
4842	38810	1
4842	576	1
4842	56827	1
4842	79959	1
4845	128	1
4845	553	1
4845	11006	1
4845	19719	1
4845	50695	1
4845	53165	1
4845	56375	1
4845	56688	1
4845	56786	1
4845	501387	1
4845	419270	1
4845	143376	1
4855	233	1
4855	291	1
4855	577	1
4855	5044	1
4855	5078	1
4855	6455	1
4855	7203	1
4855	8104	1
4855	11220	1
4855	366647	1
4855	406578	1
4855	57323	1
4855	368511	1
4855	378730	1
4855	369527	1
4855	422686	1
4855	366801	1
4855	367258	1
4855	367555	1
4855	3586	1
4855	3582	1
4855	373782	1
4855	374552	1
4855	39543	1
4855	1494	1
4855	11269	1
4855	2324	1
4855	56494	1
4855	215	1
4855	530	1
4855	6454	1
4855	7794	1
4859	616	1
4859	713	1
4859	1507	1
4859	1780	1
4859	3939	1
4859	4573	1
4859	5084	1
4859	5952	1
4859	6455	1
4859	6566	1
4859	11188	1
4859	152230	1
4859	367490	1
4859	369081	1
4859	373279	1
4859	367555	1
4859	367527	1
4859	368857	1
4859	380818	1
4859	1779	1
4859	13362	1
4861	3700	1
4867	4289	1
4870	422656	1
4870	367258	1
4870	530	1
4870	7794	1
4880	3685	1
4880	366584	1
4880	46	1
4889	6022	1
4889	19429	1
4889	22210	1
4889	33766	1
4889	33870	1
4889	56557	1
4889	56782	1
4889	368511	1
4889	149253	1
4889	422763	1
4889	422656	1
4889	422686	1
4889	366801	1
4889	369005	1
4889	421959	1
4889	1494	1
4889	56781	1
4889	56494	1
4889	215	1
4889	1901	1
4889	55665	1
4889	7794	1
4893	56490	1
4898	5956	1
4904	4289	1
4909	4289	1
4915	128	1
4915	169	1
4915	208	1
4915	69045	1
4920	56515	1
4920	56759	1
4921	21813	1
4943	4289	1
4944	138	1
4944	412	1
4944	3590	1
4944	20862	1
4944	30136	1
4944	36687	1
4944	37306	1
4944	56490	1
4944	366627	1
4944	366787	1
4944	385614	1
4944	20861	1
4944	638866	1
4944	79	1
4951	126	1
4951	359	1
4951	713	1
4951	4405	1
4951	6520	1
4951	7115	1
4951	7401	1
4951	8275	1
4951	8298	1
4951	8548	1
4951	16331	1
4951	56363	1
4951	56495	1
4952	44512	1
4954	126	1
4954	359	1
4954	3467	1
4954	368511	1
4954	422686	1
4954	3466	1
4954	366800	1
4954	3360	1
4954	1494	1
4954	56494	1
4954	7794	1
4956	242	1
4956	705	1
4956	4186	1
4956	4337	1
4956	4496	1
4956	11199	1
4956	16359	1
4956	19046	1
4956	38043	1
4956	125775	1
4956	366584	1
4956	371638	1
4956	368511	1
4956	378730	1
4956	369527	1
4956	385614	1
4956	366801	1
4956	367527	1
4956	371032	1
4956	368857	1
4956	371650	1
4956	373782	1
4956	374552	1
4956	46	1
4956	1494	1
4956	11269	1
4956	2324	1
4956	215	1
4956	3692	1
4956	1779	1
4956	4347	1
4956	6454	1
4956	7203	1
4963	466	1
4963	1396	1
4963	45588	1
4963	56683	1
4963	367180	1
4963	371638	1
4963	395255	1
4963	393289	1
4963	393287	1
4963	366627	1
4963	368857	1
4963	25571	1
4963	25569	1
4963	79	1
4963	1779	1
4977	1396	1
4977	2454	1
4977	6008	1
4977	6016	1
4977	15034	1
4977	58631	1
4977	57323	1
4977	371650	1
4977	366800	1
4977	4347	1
4978	36681	1
4979	56748	1
4979	56827	1
4979	56828	1
4979	422758	1
4979	422773	1
4979	422694	1
4979	421959	1
4979	56776	1
4979	56668	1
4979	55665	1
4983	6902	1
4985	7552	1
4985	37999	1
4985	56515	1
4986	616	1
4986	38043	1
4989	4289	1
4990	138	1
4990	898	1
4990	2541	1
4990	3451	1
4990	3523	1
4990	3590	1
4990	3603	1
4990	3670	1
4990	4543	1
4990	5052	1
4990	5428	1
4990	6427	1
4990	32126	1
4990	37209	1
4990	53165	1
4995	6427	1
5006	38515	1
5006	369081	1
5006	367317	1
5006	422656	1
5006	371032	1
5006	368857	1
5006	373782	1
5006	576	1
5006	3692	1
5006	1779	1
5006	6454	1
5008	4289	1
5013	4289	1
5019	6120	1
5019	7552	1
5019	28234	1
5019	56515	1
5019	56688	1
5019	66870	1
5020	80	1
5020	19458	1
5020	30136	1
5020	56821	1
5024	56557	1
5025	118	1
5025	233	1
5025	247	1
5025	291	1
5025	331	1
5025	548	1
5025	648	1
5025	649	1
5025	1507	1
5025	1623	1
5025	1634	1
5025	3071	1
5025	3939	1
5025	4337	1
5025	4573	1
5025	4834	1
5025	5052	1
5025	5063	1
5025	5444	1
5025	5787	1
5025	6145	1
5025	6566	1
5025	6748	1
5025	8245	1
5025	11171	1
5025	37090	1
5025	37447	1
5025	37973	1
5025	43578	1
5025	43625	1
5025	56818	1
5025	58753	1
5025	371638	1
5025	369527	1
5025	367527	1
5025	369090	1
5025	369081	1
5025	367258	1
5025	371032	1
5025	368857	1
5025	380818	1
5025	366690	1
5025	367490	1
5025	423769	1
5025	367555	1
5025	368638	1
5025	2324	1
5025	530	1
5025	3692	1
5025	1779	1
5025	13362	1
5025	1591	1
5027	1902	1
5027	5986	1
5028	1902	1
5028	5986	1
5030	4048	1
5030	6024	1
5030	38182	1
5030	44512	1
5030	44938	1
5030	58588	1
5030	368511	1
5030	369081	1
5030	369527	1
5030	371032	1
5030	380818	1
5030	1494	1
5030	2324	1
5030	3692	1
5030	13362	1
5031	166	1
5031	190531	1
5033	37393	1
5033	56628	1
5033	56669	1
5039	247	1
5039	1965	1
5039	4235	1
5039	4337	1
5039	5063	1
5039	6454	1
5039	366584	1
5039	368511	1
5039	119631	1
5039	369005	1
5039	366800	1
5039	46	1
5039	1494	1
5039	1901	1
5044	368391	1
5044	371032	1
5044	368857	1
5044	1393	1
5044	3692	1
5044	1779	1
5047	5262	1
5047	6194	1
5047	13963	1
5047	13982	1
5047	38515	1
5047	56382	1
5047	56494	1
5047	56515	1
5047	7794	1
5059	100676	1
5065	5956	1
5068	5956	1
5069	12107	1
5069	100522	1
5069	367549	1
5069	366727	1
5069	369527	1
5069	405008	1
5069	166637	1
5069	747	1
5069	2324	1
5075	22205	1
5075	28350	1
5076	242	1
5078	242	1
5078	166637	1
5078	37429	1
5078	7794	1
5086	32997	1
5086	33589	1
5092	33589	1
5097	13963	1
5099	3583	1
5099	37950	1
5099	56326	1
5099	56366	1
5099	56436	1
5099	56494	1
5099	56515	1
5099	56748	1
5099	366584	1
5099	46	1
5099	7794	1
5103	3123	1
5106	6194	1
5106	13963	1
5121	1902	1
5121	5986	1
5125	3615	1
5125	19458	1
5125	386936	1
5125	369527	1
5125	3582	1
5125	19457	1
5125	2324	1
5130	1965	1
5130	3939	1
5130	4337	1
5130	4573	1
5130	5428	1
5130	6566	1
5130	43578	1
5136	23158	1
5138	43650	1
5139	580	1
5139	56433	1
5139	369081	1
5139	422686	1
5139	369005	1
5139	374552	1
5139	56494	1
5139	1901	1
5139	7203	1
5139	7794	1
5141	58818	1
5157	164	1
5157	167	1
5157	627	1
5157	1780	1
5157	3634	1
5157	3939	1
5157	4496	1
5157	4933	1
5157	5083	1
5157	5460	1
5157	43578	1
5157	47521	1
5157	56366	1
5157	56422	1
5157	57396	1
5169	3361	1
5169	6120	1
5169	11290	1
5169	37286	1
5169	47238	1
5169	366727	1
5169	366740	1
5169	367258	1
5169	3360	1
5169	530	1
5169	37285	1
5169	7794	1
5172	56368	1
5172	190531	1
5172	371032	1
5172	16331	1
5172	3692	1
5172	7794	1
5190	369	1
5190	2101	1
5190	3570	1
5190	3590	1
5190	3774	1
5199	56490	1
5199	57900	1
5200	56363	1
5202	56490	1
5202	56557	1
5207	32997	1
5207	33766	1
5207	37434	1
5213	2465	1
5215	464	1
5215	3732	1
5215	6902	1
5215	13963	1
5215	21802	1
5215	56628	1
5215	62343	1
5232	56657	1
5237	14018	1
5238	47	1
5238	5399	1
5238	44512	1
5238	366584	1
5238	368511	1
5238	46	1
5238	1494	1
5238	7794	1
5268	366584	1
5268	46	1
5270	616	1
5270	33589	1
5271	581	1
5276	6229	1
5283	30230	1
5295	164	1
5295	291	1
5295	616	1
5295	624	1
5295	627	1
5295	1752	1
5295	1780	1
5295	1965	1
5295	2325	1
5295	3693	1
5295	3939	1
5295	4337	1
5295	4573	1
5295	6454	1
5295	6566	1
5295	7754	1
5295	56368	1
5296	733	1
5296	4605	1
5296	58625	1
5296	367527	1
5296	371650	1
5296	4347	1
5306	683	1
5306	3155	1
5306	5967	1
5306	8575	1
5306	16667	1
5306	38125	1
5306	56326	1
5306	58810	1
5306	67383	1
5307	2781	1
5307	57900	1
5310	4289	1
5313	164	1
5313	616	1
5313	627	1
5313	1623	1
5313	1780	1
5313	1965	1
5313	3939	1
5313	4573	1
5313	6566	1
5315	616	1
5315	1780	1
5315	1965	1
5315	3155	1
5315	38124	1
5315	38125	1
5315	56368	1
5321	1902	1
5323	424	1
5323	3517	1
5328	13982	1
5328	16675	1
5328	38182	1
5328	56781	1
5346	616	1
5346	713	1
5346	1507	1
5346	1780	1
5346	3939	1
5346	4573	1
5346	5084	1
5346	5952	1
5346	6455	1
5346	6566	1
5346	11188	1
5347	117	1
5347	616	1
5347	659	1
5347	1780	1
5347	3693	1
5347	4496	1
5347	4982	1
5347	5044	1
5347	5083	1
5347	5444	1
5347	6454	1
5347	7891	1
5347	8301	1
5347	11220	1
5347	38125	1
5362	4289	1
5399	376	1
5399	616	1
5399	3570	1
5399	3583	1
5399	3735	1
5399	3774	1
5399	36761	1
5399	190531	1
5399	371638	1
5399	368857	1
5399	1779	1
5401	503	1
5401	36870	1
5401	367490	1
5401	378730	1
5401	385614	1
5401	367527	1
5401	11269	1
5411	196	1
5421	3766	1
5421	5551	1
5424	3766	1
5424	36544	1
5430	53165	1
5442	6174	1
5442	58660	1
5443	3744	1
5443	20862	1
5443	20861	1
5443	367527	1
5443	7794	1
5451	3675	1
5451	56657	1
5453	80	1
5453	164	1
5453	167	1
5453	180	1
5453	353	1
5453	577	1
5453	624	1
5453	1780	1
5453	3634	1
5453	4287	1
5453	4496	1
5453	5083	1
5453	5232	1
5453	5582	1
5453	5826	1
5453	6455	1
5453	7216	1
5453	11199	1
5453	11220	1
5453	11277	1
5453	57396	1
5453	366627	1
5453	79	1
5454	4289	1
5456	6553	1
5456	85589	1
5456	421959	1
5456	366855	1
5456	55665	1
5460	83	1
5460	733	1
5460	3583	1
5460	4539	1
5460	16675	1
5460	22307	1
5461	3744	1
5461	20862	1
5462	56490	1
5464	128	1
5464	166	1
5464	3732	1
5464	190531	1
5464	57323	1
5464	366787	1
5464	367258	1
5464	371650	1
5464	374552	1
5464	530	1
5464	4347	1
5464	7203	1
5473	4289	1
5485	30230	1
5491	37334	1
5493	169	1
5493	208	1
5493	10042	1
5493	366627	1
5493	366787	1
5493	385614	1
5493	79	1
5503	6278	1
5503	33589	1
5511	9930	1
5519	9930	1
5526	1388	1
5526	368997	1
5526	367258	1
5526	368857	1
5526	1895	1
5526	530	1
5526	1779	1
5526	7794	1
5530	4289	1
5531	553	1
5538	4289	1
5541	13669	1
5549	2273	1
5549	4289	1
5556	69370	1
5556	369005	1
5556	3582	1
5556	1901	1
5557	3590	1
5572	16331	1
5572	30910	1
5572	36687	1
5572	37999	1
5572	367318	1
5572	20861	1
5572	373782	1
5572	577	1
5572	6454	1
5572	7794	1
5576	4573	1
5577	422656	1
5578	56490	1
5582	16471	1
5582	56689	1
5583	50695	1
5589	30136	1
5589	7794	1
5611	5956	1
5611	10103	1
5626	37836	1
5646	64760	1
5646	395651	1
5646	367258	1
5646	422738	1
5646	463437	1
5646	27840	1
5646	530	1
5646	56755	1
5646	103543	1
5646	7794	1
5652	3476	1
5667	56326	1
5667	56515	1
5667	7794	1
5668	182	1
5668	247	1
5668	577	1
5668	597	1
5668	616	1
5668	624	1
5668	625	1
5668	1507	1
5668	1752	1
5668	1900	1
5668	2537	1
5668	3155	1
5668	3939	1
5668	4235	1
5668	4337	1
5668	4933	1
5668	5014	1
5668	5113	1
5668	5460	1
5668	6454	1
5668	6455	1
5668	7216	1
5668	7891	1
5668	8575	1
5668	43576	1
5668	56368	1
5668	373519	1
5668	367527	1
5668	368857	1
5668	373782	1
5668	6194	1
5668	1779	1
5698	4289	1
5702	28799	1
5702	56763	1
5716	194	1
5716	466	1
5716	3590	1
5716	3659	1
5716	3750	1
5720	1396	1
5720	3700	1
5720	7929	1
5720	30937	1
5720	33766	1
5726	1507	1
5727	2465	1
5727	6520	1
5727	15119	1
5727	16350	1
5742	727	1
5742	728	1
5752	210	1
5752	330	1
5752	6194	1
5752	36544	1
5752	369081	1
5752	369527	1
5752	38810	1
5752	2324	1
5752	7794	1
5765	1496	1
5772	1634	1
5772	3939	1
5772	4573	1
5772	6566	1
5772	12345	1
5772	21939	1
5772	27583	1
5772	37090	1
5772	43578	1
5772	43625	1
5772	46636	1
5772	56379	1
5772	58716	1
5772	63656	1
5777	9660	1
5777	378730	1
5777	203669	1
5777	67167	1
5777	373279	1
5777	119631	1
5777	369527	1
5777	422686	1
5777	367555	1
5777	11269	1
5777	2324	1
5777	56494	1
5777	7794	1
5784	4289	1
5787	5956	1
5788	3761	1
5788	4031	1
5788	16685	1
5788	23624	1
5792	4364	1
5792	14327	1
5792	22205	1
5792	27523	1
5792	30616	1
5792	37090	1
5792	56436	1
5792	56495	1
5792	368391	1
5792	369081	1
5792	381750	1
5792	119631	1
5792	422686	1
5792	368038	1
5792	409520	1
5792	367993	1
5792	371032	1
5792	1393	1
5792	14326	1
5792	56494	1
5792	42550	1
5792	1079	1
5792	3692	1
5792	7794	1
5830	80	1
5830	116	1
5830	457	1
5830	5826	1
5830	6145	1
5830	6748	1
5831	5826	1
5835	36674	1
5835	369527	1
5835	367258	1
5835	371032	1
5835	368857	1
5835	373782	1
5835	367527	1
5835	374552	1
5835	378730	1
5835	2324	1
5835	530	1
5835	3692	1
5835	1779	1
5835	6454	1
5835	7794	1
5835	7203	1
5835	11269	1
5836	13303	1
5836	56515	1
5836	56628	1
5836	367345	1
5836	369527	1
5836	366771	1
5836	599	1
5836	2324	1
5836	195	1
5836	7794	1
5838	694	1
5844	4289	1
5845	424	1
5845	3590	1
5845	5956	1
5882	4289	1
5892	4289	1
5898	4289	1
5898	6520	1
5898	56490	1
5898	161126	1
5903	577	1
5903	616	1
5903	716	1
5903	1507	1
5903	1623	1
5903	1965	1
5903	2537	1
5903	3071	1
5903	3450	1
5903	3693	1
5903	3939	1
5903	4337	1
5903	4573	1
5903	5428	1
5903	5970	1
5903	6104	1
5903	6566	1
5903	7754	1
5903	15119	1
5903	16350	1
5903	22205	1
5903	37090	1
5903	367317	1
5903	369081	1
5903	371032	1
5903	380818	1
5903	373782	1
5903	374552	1
5903	372092	1
5903	576	1
5903	3692	1
5903	13362	1
5903	6454	1
5903	7203	1
5909	247	1
5909	597	1
5909	616	1
5909	625	1
5909	2781	1
5909	3583	1
5909	4712	1
5909	5084	1
5909	5092	1
5909	6455	1
5909	45588	1
5909	58590	1
5909	391401	1
5909	371021	1
5909	58576	1
5909	371638	1
5909	367258	1
5909	370086	1
5909	373782	1
5909	23841	1
5909	3676	1
5909	530	1
5909	2780	1
5909	6454	1
5949	3939	1
5949	6194	1
5949	13963	1
5949	15100	1
5949	15101	1
5949	22175	1
5949	44512	1
5949	56366	1
5949	56379	1
5949	56433	1
5949	56495	1
5949	36762	1
5949	368511	1
5949	369527	1
5949	422686	1
5949	419270	1
5949	366800	1
5949	1494	1
5949	2324	1
5949	56494	1
5949	7794	1
5954	2968	1
5954	2969	1
5954	5650	1
5954	6024	1
5954	9112	1
5954	16345	1
5954	16354	1
5954	30230	1
5954	6023	1
5986	1899	1
5986	5551	1
5986	6016	1
5986	56326	1
5986	56433	1
5986	56456	1
5986	56495	1
5986	56824	1
5986	368511	1
5986	369527	1
5986	366801	1
5986	521590	1
5986	1494	1
5986	2324	1
5986	215	1
5986	166281	1
5986	7794	1
5992	58784	1
5997	367490	1
5997	368038	1
5997	16375	1
6019	4289	1
6027	366584	1
6027	371509	1
6027	422758	1
6027	368511	1
6027	555198	1
6027	366771	1
6027	46	1
6027	4207	1
6027	56776	1
6027	1494	1
6027	195	1
6027	7794	1
6030	128	1
6030	503	1
6030	42578	1
6030	190553	1
6034	4289	1
6034	10481	1
6034	367258	1
6034	367527	1
6034	530	1
6035	412	1
6035	466	1
6035	628	1
6035	3103	1
6035	3490	1
6035	3750	1
6035	36552	1
6037	6427	1
6041	43625	1
6041	368511	1
6041	366800	1
6041	1494	1
6046	4235	1
6046	43625	1
6053	164	1
6053	577	1
6053	1623	1
6053	1965	1
6053	2537	1
6053	3071	1
6053	3939	1
6053	4235	1
6053	4337	1
6053	4405	1
6053	4573	1
6053	4793	1
6053	4883	1
6053	6104	1
6053	6566	1
6053	385282	1
6053	368511	1
6053	419270	1
6053	369081	1
6053	367258	1
6053	371032	1
6053	368857	1
6053	373782	1
6053	69370	1
6053	203669	1
6053	17849	1
6053	1494	1
6053	7794	1
6053	530	1
6053	3692	1
6053	1779	1
6053	6454	1
6055	8103	1
6056	8103	1
6056	30136	1
6056	43634	1
6056	56490	1
6056	366787	1
6069	1634	1
6069	32997	1
6069	33589	1
6071	1965	1
6071	4337	1
6073	1623	1
6073	3071	1
6079	216	1
6079	3744	1
6079	3774	1
6079	23806	1
6085	128	1
6085	169	1
6085	208	1
6085	580	1
6085	5243	1
6085	8104	1
6085	56491	1
6085	69045	1
6091	3476	1
6091	5551	1
6129	5428	1
6129	11188	1
6129	43576	1
6129	366678	1
6129	117	1
6130	5399	1
6130	56495	1
6130	366584	1
6130	368511	1
6130	422686	1
6130	46	1
6130	3360	1
6130	1494	1
6130	56494	1
6130	7794	1
6141	138	1
6141	580	1
6141	3476	1
6141	190531	1
6179	32126	1
6183	6246	1
6199	56348	1
6199	56866	1
6199	69370	1
6199	369527	1
6199	367318	1
6199	366800	1
6199	2324	1
6199	577	1
6199	7794	1
6212	8104	1
6212	16348	1
6212	190531	1
6217	733	1
6217	2537	1
6217	5494	1
6236	577	1
6236	1507	1
6236	1623	1
6236	1780	1
6236	1965	1
6236	3071	1
6236	3693	1
6236	3939	1
6236	4235	1
6236	4337	1
6236	4573	1
6236	5067	1
6236	6104	1
6236	6454	1
6236	6566	1
6236	10957	1
6236	16344	1
6236	37973	1
6236	43578	1
6236	43625	1
6236	57223	1
6236	369081	1
6236	367317	1
6236	369090	1
6236	371032	1
6236	368857	1
6236	380818	1
6236	373782	1
6236	576	1
6236	3692	1
6236	1779	1
6236	13362	1
6244	2537	1
6244	3939	1
6244	4573	1
6244	5084	1
6244	6172	1
6244	6520	1
6244	43625	1
6244	56823	1
6248	126	1
6248	208	1
6248	3684	1
6248	4029	1
6248	5965	1
6248	6240	1
6248	11268	1
6248	13963	1
6248	32982	1
6248	35600	1
6248	74641	1
6267	247	1
6267	616	1
6267	4530	1
6267	4604	1
6267	5063	1
6267	5232	1
6267	5460	1
6267	6454	1
6267	6490	1
6267	368857	1
6267	1779	1
6274	3685	1
6274	5986	1
6274	422771	1
6274	373319	1
6274	56825	1
6274	6002	1
6279	56326	1
6279	368511	1
6279	1494	1
6279	7794	1
6281	6194	1
6287	6553	1
6288	6553	1
6290	3744	1
6290	5428	1
6290	368511	1
6290	1494	1
6292	19780	1
6301	6194	1
6301	6229	1
6301	20107	1
6302	37097	1
6303	4180	1
6303	13991	1
6303	21052	1
6303	56365	1
6303	56495	1
6303	62030	1
6310	32997	1
6310	33487	1
6315	64760	1
6320	6520	1
6320	16675	1
6320	16683	1
6320	38125	1
6320	56368	1
6325	16334	1
6336	43567	1
6336	367345	1
6336	368511	1
6336	367258	1
6336	366800	1
6336	599	1
6336	1494	1
6336	530	1
6344	32997	1
6344	56490	1
6345	3732	1
6345	6278	1
6345	69370	1
6345	366800	1
6351	33589	1
6363	1394	1
6363	2968	1
6363	2969	1
6363	6024	1
6363	8604	1
6363	9112	1
6363	16345	1
6363	16354	1
6363	37244	1
6363	368391	1
6363	370447	1
6363	369005	1
6363	6023	1
6363	1393	1
6363	1901	1
6363	7794	1
6385	3588	1
6387	3766	1
6387	4822	1
6387	6782	1
6387	7115	1
6387	8547	1
6387	37330	1
6387	43574	1
6391	3250	1
6397	3486	1
6397	27866	1
6397	30230	1
6397	422686	1
6397	369351	1
6397	3360	1
6397	56494	1
6397	2177	1
6397	13914	1
6397	7794	1
6401	56763	1
6410	616	1
6410	38043	1
6416	616	1
6420	3588	1
6461	5231	1
6461	32947	1
6483	56116	1
6483	56364	1
6483	56366	1
6483	56433	1
6483	7794	1
6487	727	1
6487	728	1
6487	3590	1
6487	4289	1
6487	5338	1
6491	210	1
6491	705	1
6491	3476	1
6491	3583	1
6491	36761	1
6491	41260	1
6494	16331	1
6494	56495	1
6503	16716	1
6503	56326	1
6503	56495	1
6503	56515	1
6519	14827	1
6519	197333	1
6528	463	1
6548	242	1
6548	460	1
6548	2325	1
6548	56495	1
6548	56549	1
6548	56734	1
6548	57081	1
6548	58877	1
6548	366727	1
6548	369527	1
6548	7794	1
6548	2324	1
6553	4289	1
6553	33521	1
6557	581	1
6557	3735	1
6557	41260	1
6579	32947	1
6579	373656	1
6579	367258	1
6579	367527	1
6579	371032	1
6579	6330	1
6579	530	1
6579	3692	1
6580	1507	1
6580	37757	1
6580	43795	1
6581	56374	1
6581	368511	1
6581	422686	1
6581	1494	1
6581	56494	1
6581	7794	1
6582	580	1
6582	1623	1
6582	8104	1
6582	46636	1
6582	56874	1
6593	4289	1
6595	56778	1
6595	378730	1
6595	367527	1
6595	11269	1
6597	224	1
6597	228	1
6597	247	1
6597	625	1
6597	628	1
6597	733	1
6597	1697	1
6597	1965	1
6597	2537	1
6597	4186	1
6597	4337	1
6597	4496	1
6597	4573	1
6597	5231	1
6597	5460	1
6597	6520	1
6597	37090	1
6597	38043	1
6597	44512	1
6597	47521	1
6597	56326	1
6597	56375	1
6597	56734	1
6597	56752	1
6597	62744	1
6626	185	1
6626	3572	1
6626	3659	1
6626	9930	1
6626	10086	1
6641	164	1
6641	1507	1
6641	1623	1
6641	1965	1
6641	4337	1
6641	32997	1
6641	56365	1
6641	56366	1
6642	6520	1
6642	56515	1
6642	58784	1
6642	63320	1
6642	57323	1
6642	422758	1
6642	373279	1
6642	369527	1
6642	511202	1
6642	285064	1
6642	369005	1
6642	56776	1
6642	2324	1
6642	154789	1
6642	1901	1
6642	7794	1
6647	2677	1
6647	56731	1
6659	30910	1
6659	36687	1
6659	56436	1
6662	2781	1
6662	2968	1
6662	2969	1
6662	3077	1
6662	8604	1
6662	56490	1
6662	56796	1
6662	57386	1
6662	57900	1
6662	125775	1
6663	553	1
6663	2781	1
6663	3077	1
6663	9099	1
6663	23588	1
6663	36734	1
6663	56755	1
6663	57386	1
6663	57900	1
6663	370086	1
6663	2526	1
6663	2780	1
6701	16362	1
6708	16362	1
6725	4289	1
6726	242	1
6726	16716	1
6726	37431	1
6726	56841	1
6726	367258	1
6726	382083	1
6726	100466	1
6726	16331	1
6726	530	1
6726	7794	1
6730	247	1
6730	1507	1
6730	3664	1
6730	7891	1
6730	45904	1
6730	58973	1
6730	66724	1
6730	371509	1
6730	369090	1
6730	369081	1
6730	373279	1
6730	440549	1
6730	367318	1
6730	368857	1
6730	380818	1
6730	366800	1
6730	4207	1
6730	79959	1
6730	577	1
6730	1779	1
6730	13362	1
6737	56515	1
6737	366584	1
6737	46	1
6737	7794	1
6744	553	1
6744	56379	1
6744	366584	1
6744	368511	1
6744	367555	1
6744	368857	1
6744	366800	1
6744	374552	1
6744	46	1
6744	1494	1
6744	1779	1
6744	7203	1
6752	3939	1
6752	4235	1
6752	5078	1
6752	5460	1
6752	6104	1
6752	8298	1
6752	12054	1
6752	43625	1
6752	56326	1
6752	56374	1
6752	56494	1
6752	56495	1
6752	58660	1
6752	366584	1
6752	422686	1
6752	56662	1
6752	422664	1
6752	46	1
6752	56373	1
6752	7794	1
6765	367345	1
6765	369527	1
6765	8809	1
6765	371032	1
6765	599	1
6765	2324	1
6765	3692	1
6785	56365	1
6785	56366	1
6785	56734	1
6785	58877	1
6785	421959	1
6785	389849	1
6785	368857	1
6785	55665	1
6785	22351	1
6785	1779	1
6785	7794	1
6787	56365	1
6809	9693	1
6809	10014	1
6809	13974	1
6809	56678	1
6821	422742	1
6821	510964	1
6821	502938	1
6821	370447	1
6821	422773	1
6821	367527	1
6821	501387	1
6821	366584	1
6821	398481	1
6821	369527	1
6821	422686	1
6821	422664	1
6821	366771	1
6821	56759	1
6821	154520	1
6821	145048	1
6821	56827	1
6821	143376	1
6821	7794	1
6821	46	1
6821	2324	1
6821	56494	1
6821	56373	1
6821	195	1
6830	128	1
6870	210	1
6870	705	1
6870	41260	1
6893	616	1
6896	32997	1
6896	33589	1
6896	56490	1
6900	616	1
6900	422715	1
6900	368511	1
6900	366801	1
6900	56731	1
6900	1494	1
6900	215	1
6900	7794	1
6901	242	1
6903	13982	1
6907	20862	1
6907	56730	1
6909	36541	1
6909	366584	1
6909	368857	1
6909	46	1
6909	1779	1
6912	36541	1
6916	4186	1
6916	4496	1
6916	159979	1
6916	366787	1
6916	369005	1
6916	3582	1
6916	36685	1
6916	1901	1
6940	1507	1
6940	4337	1
6940	4605	1
6940	37836	1
6940	43576	1
6940	56796	1
6941	164	1
6941	1507	1
6941	1623	1
6941	1965	1
6941	4605	1
6941	6566	1
6941	37836	1
6941	37973	1
6941	43576	1
6941	56422	1
6941	58625	1
6945	4605	1
6945	37836	1
6947	128	1
6947	479	1
6947	710	1
6947	726	1
6947	13267	1
6952	56326	1
6952	56375	1
6952	56436	1
6952	56515	1
6960	710	1
6960	3473	1
6960	13267	1
6960	16406	1
6960	40149	1
6962	3590	1
6962	6038	1
6967	3583	1
6972	5115	1
6972	37867	1
6977	551	1
6977	5956	1
6977	9930	1
6977	9933	1
6977	9970	1
6977	9986	1
6977	21442	1
6977	21482	1
6977	62487	1
6982	551	1
6982	5956	1
6982	9930	1
6982	9933	1
6982	9970	1
6982	9986	1
6982	21442	1
6982	21482	1
6982	62487	1
7012	28799	1
7012	367318	1
7012	369005	1
7012	577	1
7012	1901	1
7012	7794	1
7013	4289	1
7014	5817	1
7014	6254	1
7014	16362	1
7014	26852	1
7014	37395	1
7014	367318	1
7014	577	1
7026	15119	1
7026	16350	1
7026	21235	1
7031	580	1
7033	208	1
7033	580	1
7033	19237	1
7033	56074	1
7033	56748	1
7033	20861	1
7033	371032	1
7033	3692	1
7034	166	1
7034	190531	1
7037	580	1
7037	33589	1
7044	4364	1
7044	5817	1
7044	6254	1
7044	15033	1
7044	16362	1
7044	26852	1
7044	28539	1
7044	30616	1
7044	37090	1
7044	37395	1
7044	369081	1
7044	383758	1
7044	367318	1
7044	577	1
7054	4573	1
7054	37090	1
7056	4062	1
7056	21802	1
7056	37393	1
7056	56557	1
7056	56628	1
7056	56669	1
7056	67495	1
7056	422686	1
7056	64100	1
7056	366584	1
7056	368511	1
7056	369090	1
7056	369527	1
7056	366787	1
7056	371032	1
7056	422709	1
7056	56494	1
7056	7794	1
7056	46	1
7056	1494	1
7056	2324	1
7056	3692	1
7056	56725	1
7089	694	1
7089	37950	1
7089	58752	1
7089	366584	1
7089	368511	1
7089	422686	1
7089	46	1
7089	1494	1
7089	56494	1
7089	7794	1
7091	4289	1
7107	616	1
7108	3486	1
7109	616	1
7109	3675	1
7110	50730	1
7116	616	1
7120	3583	1
7120	439984	1
7120	367555	1
7121	5115	1
7121	30079	1
7121	37867	1
7123	1902	1
7123	366801	1
7123	422686	1
7123	369005	1
7123	366800	1
7123	215	1
7123	56494	1
7123	1901	1
7123	7794	1
7128	1900	1
7129	1314	1
7130	3588	1
7136	32997	1
7136	33589	1
7136	56490	1
7137	616	1
7161	32997	1
7161	56490	1
7166	6553	1
7169	3107	1
7169	7062	1
7169	11354	1
7169	22207	1
7169	57069	1
7169	368511	1
7169	378822	1
7169	1494	1
7169	38810	1
7169	11353	1
7171	22247	1
7171	29260	1
7180	424	1
7180	3450	1
7180	3451	1
7180	3501	1
7180	3517	1
7180	3523	1
7180	3587	1
7180	3684	1
7180	5428	1
7180	33009	1
7183	6174	1
7183	58660	1
7183	493753	1
7183	368857	1
7183	135396	1
7183	1779	1
7184	33589	1
7184	56374	1
7193	1900	1
7193	2465	1
7193	56374	1
7209	9970	1
7215	4289	1
7219	3155	1
7219	8575	1
7219	38125	1
7220	3155	1
7220	3939	1
7220	8575	1
7220	10481	1
7220	38125	1
7221	8575	1
7222	3155	1
7222	8575	1
7222	38125	1
7222	366727	1
7222	367490	1
7222	369081	1
7222	367258	1
7222	371032	1
7222	530	1
7222	3692	1
7224	7335	1
7224	56342	1
7224	56788	1
7230	43576	1
7230	56326	1
7230	368511	1
7230	422716	1
7230	422686	1
7230	369005	1
7230	1494	1
7230	56732	1
7230	56494	1
7230	1901	1
7230	7794	1
7253	616	1
7253	3155	1
7253	6454	1
7254	5551	1
7254	33589	1
7255	33589	1
7273	16405	1
7273	422686	1
7273	422664	1
7273	56494	1
7273	56373	1
7273	7794	1
